20.308152	20.373034	sk
\	48795.183594	57228.914063
27.507422	27.522045	5
\	69730.523438	74229.203125
29.215677	29.222706	5
\	72982.593750	73378.171875
32.198685	32.217099	c5
\	56555.820313	62982.503906
33.818043	33.855955	5t
\	59195.238281	61599.066406
35.506183	35.527305	5w
\	59796.195313	67007.679688
36.499462	36.519501	5t
\	58483.824219	62661.171875
39.318986	39.337942	5t
\	58483.824219	63946.503906
39.582199	39.615236	5t
\	66517.179688	72622.523438
40.546774	40.562480	5
\	62982.503906	66195.843750
40.758536	40.770451	5
\	72301.187500	79370.546875
40.859813	40.877144	5t
\	57519.820313	62018.500000
40.987629	40.995753	5
\	62800.980469	65805.757813
42.449384	42.458591	5
\	62800.980469	64603.847656
42.566909	42.605904	ct
\	51082.324219	57091.890625
43.464326	43.501696	5t
\	63144.328125	70231.960938
45.279740	45.288947	5
\	70051.859375	74871.867188
46.044247	46.066415	5t
\	54216.871094	61144.578125
47.280920	47.305291	5t
\	58594.281250	66406.718750
47.428762	47.452192	5t
\	76344.937500	76740.500000
47.768352	47.804097	5t
\	65553.171875	69730.523438
47.923788	47.959533	5t
\	59447.824219	68123.851563
50.226093	50.235842	5
\	64303.371094	66106.242188
51.648453	51.680266	5w
\	52190.722656	63144.328125
51.892302	51.926906	5
\	40662.648438	48192.769531
52.125878	52.159401	c5
\	38659.792969	47358.250000
52.255102	52.310793	5w
\	48324.742188	65399.484375
52.661629	52.688191	c5
\	59278.351563	65721.648438
52.831473	52.856345	c5
\	38659.792969	49613.402344
53.412710	53.447314	5t
\	57989.691406	64755.156250
53.766319	53.796056	5w
\	55090.207031	66043.820313
54.705595	54.740256	5t
\	53985.144531	61054.496094
55.071534	55.101271	c5
\	50257.730469	60889.175781
56.058490	56.091527	c5t
\	46274.667969	49579.929688
56.452445	56.468665	5
\	53915.660156	60542.171875
56.691698	56.730357	c5t
\	71004.750000	73575.953125
59.564631	59.587881	5
\	40592.781250	45747.421875
60.643060	60.662016	5t
\	60567.011719	62500.000000
61.316799	61.363918	5t
\	69111.023438	69111.023438
63.725297	63.765128	c5t
\	72982.593750	73180.375000
63.885025	63.907772	c5t
\	47476.582031	49279.453125
64.124409	64.149864	5t
\	56555.820313	62661.171875
64.168278	64.180193	5
\	47879.796875	51414.472656
64.490277	64.535476	5w
\	62500.000000	71520.617188
64.622673	64.676290	c5t
\	67159.843750	72943.859375
65.299120	65.365194	ct
\	57692.847656	67909.109375
66.334195	66.347082	c5
\	63686.707031	63686.707031
66.570777	66.618437	5t
\	61697.167969	62982.503906
66.692635	66.754376	5t
\	55913.148438	65553.171875
66.830365	66.906022	5t
\	62500.000000	76353.093750
66.977431	67.028255	5w
\	44780.929688	63788.660156
67.468735	67.502314	5t
\	57198.484375	63303.835938
67.608465	67.641503	5t
\	53486.148438	59495.714844
68.131254	68.165317	c5
\	52512.886719	57989.691406
68.791431	68.812518	5w
\	57023.199219	62500.000000
68.920114	68.952153	5t
\	52835.050781	57989.691406
70.347834	70.365165	5
\	56190.453125	57091.890625
70.859096	70.866137	5
\	65231.839844	65874.507813
71.126652	71.169428	c5
\	47358.250000	52835.050781
71.266373	71.278830	5
\	50771.800781	55270.480469
71.376990	71.396897	c5
\	52512.886719	55090.207031
71.855497	71.889560	5w
\	53479.382813	61855.671875
71.999860	72.021487	5
\	42847.937500	48646.910156
72.383134	72.424298	c5
\	59278.351563	66365.976563
72.531530	72.549944	5
\	52699.808594	56234.480469
72.899812	72.918226	c5
\	36358.882813	40866.058594
73.433758	73.444031	5
\	71520.617188	74097.937500
74.502923	74.535960	5t
\	49486.464844	55591.812500
74.815210	74.844407	5t
\	53479.382813	61211.339844
74.956235	74.983363	c5
\	54445.878906	62177.835938
75.068791	75.087535	5
\	67246.828125	67444.625000
75.191285	75.200492	5
\	62500.500000	64603.847656
75.417670	75.424711	5
\	67481.179688	70051.859375
75.448353	75.462951	5
\	59278.351563	65399.484375
77.122600	77.131265	5
\	62661.171875	63946.503906
77.314323	77.322988	5
\	67481.179688	68123.851563
78.523502	78.531702	5
\	88212.031250	89003.171875
78.608726	78.618475	5
\	71658.523438	73586.531250
78.809345	78.850347	c5t
\	67246.828125	68829.109375
78.921717	78.940641	c5
\	46385.542969	51204.820313
79.050123	79.060955	5
\	55289.019531	58293.800781
79.151401	79.181730	5w
\	60697.628906	67608.632813
81.139429	81.161687	5t
\	85443.031250	85838.609375
82.626250	82.636541	5
\	68123.851563	68766.515625
83.152135	83.184631	5w
\	71658.523438	78085.210938
83.264786	83.321654	5t
\	67802.515625	71979.859375
83.389402	83.425088	5
\	47036.082031	57989.691406
83.645237	83.695611	5t
\	85838.609375	85838.609375
83.764675	83.805836	c5
\	46987.949219	50301.207031
83.919029	83.958565	c5t
\	57392.367188	61899.542969
84.035522	84.064719	5
\	40270.617188	49613.402344
84.154621	84.176285	c5
\	46273.125000	50771.800781
84.187116	84.198490	5
\	42417.113281	45630.457031
84.275396	84.300851	c5
\	49486.464844	52699.808594
84.418376	84.449788	5t
\	62982.503906	66195.843750
84.574585	84.601975	c5t
\	43072.289063	48192.769531
84.718959	84.746039	c5
\	57392.367188	60998.109375
84.855982	84.945344	5t
\	61054.496094	73907.867188
85.019569	85.069369	c5
\	46713.917969	63466.496094
85.529721	85.568716	5w
\	60096.671875	69711.976563
87.215925	87.221782	5
\	79509.500000	79905.062500
87.846184	87.866099	5t
\	78125.000000	78916.140625
88.351094	88.389753	5t
\	79113.921875	79509.500000
88.508473	88.557217	5t
\	61899.542969	64603.847656
88.643330	88.701821	5w
\	50180.886719	61599.066406
88.771387	88.805991	5w
\	57667.527344	66365.976563
88.925499	88.962868	5t
\	58805.156250	63625.171875
89.061438	89.145926	5t
\	59447.824219	70373.187500
89.228248	89.260202	c5t
\	52699.808594	66195.843750
89.373711	89.425387	5t
\	53614.457031	58734.937500
89.529915	89.600863	5t
\	59447.824219	66517.179688
89.624048	89.646357	5
\	57228.914063	61144.578125
89.657571	89.701366	c5
\	52512.886719	62500.000000
89.796377	89.814792	c5
\	76157.203125	78085.210938
89.937285	89.958372	5t
\	69026.898438	69026.898438
91.259757	91.275463	c5
\	43570.363281	45673.710938
92.774623	92.829773	c5
\	47358.250000	54445.878906
93.372505	93.422331	5t
\	65805.757813	69711.976563
93.454806	93.477032	5t
\	52512.886719	56701.031250
93.500764	93.532664	5t
\	59922.679688	72164.945313
93.645127	93.699084	5t
\	60567.011719	64432.984375
94.206899	94.246370	c5
\	46987.949219	58433.734375
94.590544	94.630080	5t
\	70876.289063	75386.601563
94.708069	94.777934	c5t
\	64755.156250	69909.796875
94.853757	94.940412	5t
\	55589.496094	64002.890625
95.004951	95.048206	c5
\	46713.917969	58634.019531
95.137960	95.180134	c5t
\	45747.421875	52835.050781
95.376402	95.396408	5w
\	65399.484375	74097.937500
95.491568	95.541578	c5t
\	46686.746094	51506.023438
95.620252	95.666210	c5t
\	41867.468750	55120.484375
95.740284	95.780295	c5
\	41237.113281	49935.566406
95.872490	95.890363	5
\	52057.136719	54627.812500
96.004097	96.049590	c5
\	42203.609375	54445.878906
96.190404	96.208818	5t
\	69087.851563	73907.867188
96.351257	96.374004	5t
\	55591.812500	62339.832031
96.575476	96.606462	c5
\	55412.371094	67010.304688
96.833550	96.890863	c5t
\	47680.410156	58956.187500
97.061825	97.102986	5t
\	44345.117188	53663.808594
97.184224	97.212929	c5
\	49486.464844	53985.144531
97.353690	97.370451	5t
\	63466.496094	69265.460938
97.480751	97.516436	5w
\	56701.031250	68298.968750
98.377350	98.432592	5t
\	64904.328125	75421.070313
98.502106	98.546442	5t
\	55412.371094	67010.304688
98.650254	98.730275	5t
\	46391.750000	63144.328125
98.792995	98.869772	5t
\	51224.226563	67332.476563
99.174178	99.223381	5t
\	51807.226563	63253.015625
99.324051	99.361963	5t
\	59447.824219	68123.851563
99.434248	99.470474	c5
\	42771.085938	53012.046875
99.567767	99.594305	c5t
\	54949.148438	56877.152344
99.683668	99.735119	c5
\	52699.808594	58805.156250
99.844628	99.884098	c5
\	45103.089844	54768.039063
99.972336	100.011331	c5
\	47558.460938	56234.480469
100.213344	100.243132	c5
\	50771.800781	58483.824219
100.350169	100.370716	5
\	52710.843750	62650.605469
100.856213	100.876252	5
\	66517.179688	70373.187500
100.951953	100.987638	5t
\	44578.312500	57228.914063
101.060090	101.095775	5
\	37693.300781	48002.578125
101.662413	101.693513	c5
\	53313.250000	57530.121094
101.782334	101.824037	5t
\	59796.195313	64603.847656
101.931813	101.951311	5
\	60090.496094	65553.171875
102.212291	102.271225	5t
\	33433.734375	56024.097656
102.349084	102.377741	5w
\	54768.039063	62500.000000
102.632633	102.664586	5t
\	63946.503906	70694.523438
102.758924	102.787580	c5
\	41265.058594	50602.410156
102.880037	102.909775	5
\	48324.742188	61855.671875
102.989541	103.006331	5
\	62339.832031	69087.851563
103.124397	103.149852	5
\	51735.804688	55913.148438
103.222291	103.261221	5
\	46987.949219	54819.277344
103.338539	103.369358	5
\	44458.761719	53801.546875
103.647033	103.698484	5t
\	60733.160156	68445.179688
104.578570	104.593193	5
\	59195.238281	61899.542969
105.164254	105.201742	5t
\	67642.406250	67840.187500
105.237967	105.256642	5t
\	58956.187500	61855.671875
105.289333	105.321233	c5
\	49935.566406	56701.031250
106.459376	106.509660	5t
\	52835.050781	63466.496094
106.608065	106.659971	5w
\	48969.070313	58634.019531
106.770271	106.812985	5w
\	49291.238281	61211.339844
106.932476	106.961673	5w
\	45747.421875	52190.722656
107.091438	107.099548	5
\	58132.527344	60542.171875
107.197953	107.227691	5t
\	53157.218750	59600.515625
107.806454	107.824327	5
\	68810.546875	71514.851563
112.507467	112.549711	5t
\	49486.464844	53663.808594
114.553598	114.586094	5w
\	64910.503906	72622.523438
116.692933	116.702665	5
\	66265.062500	68674.695313
116.836406	116.864569	ct
\	51093.136719	53663.808594
119.367344	119.413032	5t
\	64477.847656	64873.417969
119.506120	119.558567	c5
\	42847.937500	65399.484375
120.355124	120.372455	5
\	59796.195313	59796.195313
120.492147	120.537099	c5t
\	54306.476563	59769.156250
120.882093	120.915671	c5t
\	62018.500000	63946.503906
121.765105	121.801871	c5t
\	45747.421875	74742.265625
125.849026	125.883147	5t
\	53185.671875	64002.890625
125.978668	126.024626	5w
\	56927.710938	64457.832031
126.136070	126.186438	5t
\	55591.812500	63303.835938
126.274964	126.324707	5t
\	61746.988281	63554.218750
126.409594	126.446361	5
\	47036.082031	61533.507813
126.809268	126.818475	5
\	61697.167969	63303.835938
127.107685	127.151012	5t
\	63625.171875	70694.523438
127.223585	127.275578	5w
\	52378.472656	62982.503906
127.374689	127.414767	5t
\	53786.628906	59495.714844
129.597477	129.628296	5t
\	43975.906250	55722.890625
130.334431	130.345786	5
\	60889.175781	64110.824219
130.949733	130.995227	5t
\	54306.476563	60090.496094
131.491498	131.534652	5t
\	55734.539063	57667.527344
131.815738	131.843359	5t
\	53985.144531	60411.828125
131.977132	132.006378	c5
\	56626.507813	58734.937500
132.274411	132.317125	5w
\	49698.796875	54819.277344
134.138081	134.158701	c5
\	52512.886719	53479.382813
134.390655	134.413904	c5
\	39948.453125	46713.917969
134.606558	134.622805	c5
\	50129.132813	55270.480469
135.002170	135.061494	5f
\	51546.390625	61855.671875
135.224513	135.241844	c5
\	54387.582031	58594.281250
135.360994	135.378867	5
\	77442.539063	78727.875000
135.411904	135.425444	5
\	74550.531250	75835.867188
135.496392	135.517514	c5
\	50771.800781	52699.808594
135.724402	135.782894	5t
\	56234.480469	61375.828125
135.866299	135.890671	c5
\	53342.476563	53985.144531
135.986532	136.005488	5
\	64910.503906	67159.843750
136.092684	136.136553	c5
\	52057.136719	56234.480469
136.241622	136.271409	c5
\	52057.136719	58805.156250
136.386227	136.406807	5
\	67159.843750	72301.187500
136.510793	136.542205	c5
\	62982.503906	63625.171875
137.196989	137.207279	5
\	62661.171875	66195.843750
137.590973	137.625036	5w
\	53479.382813	64432.984375
140.069476	140.090022	c5
\	59278.351563	63144.328125
140.318732	140.351758	5t
\	60889.175781	69587.625000
140.492030	140.509361	5t
\	55591.812500	59447.824219
140.602051	140.642602	c5t
\	68298.968750	72164.945313
141.634761	141.660713	c5
\	57989.691406	67654.640625
141.907266	141.935922	c5
\	47358.250000	56378.867188
142.037732	142.065146	c5
\	46713.917969	56701.031250
142.215374	142.231621	5
\	61375.828125	64910.503906
142.392474	142.430927	5t
\	57392.367188	62200.019531
142.520404	142.543653	5
\	49613.402344	53479.382813
142.771046	142.790002	5
\	44666.453125	50771.800781
142.992016	143.023969	5t
\	59769.156250	68123.851563
143.462278	143.493638	5t
\	48969.070313	60567.011719
143.942508	143.962547	c5
\	57091.890625	60998.109375
144.088196	144.100111	5
\	68123.851563	69730.523438
144.348160	144.382280	5t
\	68445.179688	72622.523438
146.215567	146.230190	5
\	59769.156250	64910.503906
146.240480	146.250770	5
\	69730.523438	71979.859375
146.472275	146.512826	5t
\	54123.710938	66688.140625
146.992955	147.018908	5t
\	53801.546875	60244.847656
147.592575	147.605011	5
\	57667.527344	62177.835938
147.995927	148.027827	5t
\	47680.410156	61211.339844
148.425772	148.467945	5t
\	48493.976563	53614.457031
148.882111	148.928610	ct
\	51224.226563	58311.855469
149.111997	149.146117	5t
\	65553.171875	73586.531250
149.422796	149.449831	5t
\	50579.898438	55734.539063
149.557968	149.603220	5t
\	50579.898438	57989.691406
150.142449	150.186244	5t
\	48324.742188	63144.328125
151.206872	151.216621	5
\	69411.500000	69411.500000
152.303029	152.342589	5t
\	48969.070313	57667.527344
152.719897	152.740443	5t
\	58634.019531	62822.164063
152.968669	152.986000	5t
\	56555.820313	58805.156250
153.032954	153.071343	5
\	47358.250000	59922.679688
153.595831	153.610996	5
\	57091.890625	59796.195313
154.837222	155.035654	v
\	12650.602539	22590.361328
156.403982	156.431062	5t
\	68123.851563	72301.187500
156.689942	156.714314	5w
\	67481.179688	72622.523438
156.981401	157.011860	5t
\	74367.093750	74762.656250
157.137209	157.165324	5t
\	67049.046875	67049.046875
157.212184	157.234442	5t
\	60324.367188	60522.148438
157.273778	157.298149	5t
\	60090.496094	65874.507813
157.336602	157.382638	c5
\	66195.843750	69087.851563
157.569487	157.615805	c5t
\	66365.976563	69265.460938
157.735755	157.807298	5t
\	62500.500000	64904.328125
157.919355	157.974055	5t
\	60090.496094	70694.523438
158.074791	158.161446	c5t
\	58162.488281	58805.156250
159.258168	159.287956	c5
\	53786.628906	57993.324219
159.423354	159.453141	5t
\	69730.523438	73586.531250
159.780262	159.794885	5
\	69409.179688	71337.187500
160.307231	160.324020	5
\	77763.875000	80655.882813
162.991899	163.003272	5
\	62661.171875	64910.503906
163.144586	163.211361	5t
\	76344.937500	76740.500000
163.276776	163.328227	5t
\	69409.179688	73265.195313
164.094661	164.169636	5t
\	64082.281250	64477.847656
164.258681	164.286843	5w
\	63303.835938	68445.179688
164.298758	164.305799	5
\	72115.804688	75721.546875
169.017784	169.045359	c5
\	62177.835938	69265.460938
169.287897	169.346389	5t
\	57198.484375	65553.171875
169.573858	169.628558	5t
\	60411.828125	70694.523438
176.423904	176.447193	c5
\	53985.144531	54949.148438
176.714197	176.739110	c5
\	54306.476563	56234.480469
177.211378	177.251997	5t
\	62661.171875	69730.523438
177.335944	177.378188	5t
\	57841.152344	66517.179688
177.468700	177.496816	5w
\	67332.476563	75064.437500
177.602790	177.667398	c5t
\	43975.906250	51807.226563
177.988020	177.999393	5
\	36954.433594	37275.765625
179.840147	179.861774	5t
\	49613.402344	59600.515625
181.398403	181.431926	5
\	44458.761719	48646.910156
181.715793	181.727166	5
\	68123.851563	71979.859375
185.517764	185.535095	c5
\	79627.765625	83533.984375
185.799584	185.828240	c5t
\	48324.742188	53801.546875
188.174546	188.205004	c5
\	60719.937500	61313.289063
188.977449	188.998029	5
\	65874.507813	66838.515625
190.647371	190.657644	5
\	47680.410156	52512.886719
191.378865	191.406486	5t
\	61375.828125	67802.515625
194.896500	194.944160	5t
\	62982.503906	69730.523438
195.055728	195.123427	5t
\	58805.156250	60733.160156
195.328690	195.370934	5t
\	54306.476563	56555.820313
195.467879	195.555617	5t
\	49807.800781	66195.843750
195.676829	195.719177	c5
\	56024.097656	59939.761719
195.810164	195.823163	c5
\	72622.523438	74229.203125
199.078668	199.106831	5t
\	65805.757813	72416.289063
199.197818	199.229230	c5
\	60733.160156	61054.496094
199.490819	199.504900	5
\	70694.523438	72943.859375
199.526022	199.536313	5
\	69730.523438	69730.523438
199.727494	199.756199	5t
\	65204.808594	73618.195313
200.316204	200.339492	5t
\	60397.152344	64002.890625
200.570752	200.609205	c5
\	40866.058594	53786.628906
204.146879	204.152837	5
\	57198.484375	58483.824219
204.286068	204.301233	5
\	46915.789063	51414.472656
207.786565	207.818465	c5
\	47680.410156	52835.050781
208.298718	208.346174	c5
\	47036.082031	57023.199219
208.452149	208.475939	c5
\	54445.878906	57023.199219
208.569514	208.578179	5
\	64589.171875	68445.179688
209.877457	209.888288	5
\	56791.410156	59495.714844
210.119082	210.142332	5
\	43674.699219	50602.410156
210.728976	210.766283	5w
\	45103.089844	50257.730469
210.979053	210.995843	c5
\	48978.972656	49579.929688
211.113910	211.122575	5
\	69111.023438	70312.937500
211.374957	211.406369	5t
\	68123.851563	71658.523438
211.496273	211.538517	c5
\	57667.527344	67654.640625
211.885677	211.904633	c5
\	48978.972656	52284.234375
212.039489	212.082275	5t
\	48978.972656	54087.105469
212.581905	212.601661	5t
\	59922.679688	64432.984375
212.690043	212.706188	5
\	68298.968750	68943.296875
212.825755	212.848463	5
\	48969.070313	55090.207031
212.942543	212.974984	5
\	43814.433594	49935.566406
214.342877	214.355875	5
\	50781.843750	51382.800781
214.548379	214.579739	c5
\	45103.089844	51868.558594
228.859690	228.870522	5
\	53021.140625	55270.480469
228.951613	228.958642	5
\	71004.750000	71004.750000
229.161356	229.171646	5
\	57841.152344	60733.160156
229.293504	229.301087	5
\	68209.585938	68510.070313
229.494435	229.523681	5
\	55270.480469	58483.824219
230.438428	230.463342	c5
\	49880.410156	50781.843750
231.774082	231.809196	c5
\	58634.019531	67654.640625
232.557133	232.575548	c5
\	65505.281250	68209.585938
232.655703	232.673576	5
\	55913.148438	59447.824219
232.972151	232.994410	5
\	63291.140625	64082.281250
233.628401	233.661438	5t
\	66707.195313	72115.804688
233.772464	233.782755	5
\	64910.503906	68123.851563
233.979352	234.047593	5t
\	60411.828125	70051.859375
234.126123	234.156453	c5
\	71015.859375	71337.187500
234.247981	234.269104	c5
\	42969.406250	47476.582031
234.370923	234.396377	c5
\	48201.128906	50450.468750
234.481836	234.491568	5
\	65399.484375	70554.125000
234.504154	234.511195	5
\	64910.503906	68123.851563
234.599474	234.646593	5w
\	70051.859375	71337.187500
234.727307	234.757045	5w
\	48192.769531	54518.074219
234.833822	234.891135	c5
\	48324.742188	62500.000000
235.060910	235.073908	5
\	76322.507813	77524.414063
235.144716	235.165803	5w
\	47289.156250	55421.687500
237.771574	237.782948	5
\	70312.937500	72115.804688
237.887475	237.899932	5
\	71658.523438	75835.867188
238.233552	238.243842	5
\	60096.671875	63401.937500
238.359201	238.380323	c5
\	50129.132813	54627.812500
238.477268	238.507597	5t
\	61599.066406	65204.808594
238.584503	238.600209	5
\	55270.480469	59447.824219
238.804931	238.836884	c5
\	45974.191406	51082.324219
239.003049	239.044856	c5t
\	48969.070313	56378.867188
239.114179	239.149924	c5t
\	48378.015625	50481.363281
239.591044	239.629703	5t
\	86827.531250	88212.031250
239.694586	239.722701	5
\	53313.250000	55722.890625
239.762081	239.771453	5
\	90783.234375	90783.234375
239.837867	239.883239	c5
\	51546.390625	63144.328125
239.966102	239.998056	c5
\	48978.972656	50781.843750
240.099875	240.131288	c5
\	67481.179688	71979.859375
240.242855	240.262894	5
\	80334.546875	85475.898438
240.364225	240.387655	5t
\	82080.703125	82080.703125
240.460197	240.485068	5w
\	44136.597656	56378.867188
240.573200	240.594287	5
\	49935.566406	54123.710938
240.698098	240.707290	5
\	65721.648438	72487.117188
240.782986	240.805695	5
\	54123.710938	60567.011719
240.984836	241.010832	5
\	51683.277344	53486.148438
242.026316	242.037147	5
\	70694.523438	73265.195313
242.135717	242.150340	5
\	74550.531250	77442.539063
242.246743	242.286821	5t
\	60998.109375	64904.328125
242.361788	242.389904	c5
\	42203.609375	54445.878906
242.398930	242.405971	5
\	66707.195313	68209.585938
242.861381	242.874358	5
\	68298.968750	71198.453125
242.969768	243.023927	c5t
\	48978.972656	57392.367188
243.132245	243.141994	5
\	74229.203125	75835.867188
243.233373	243.262570	c5
\	56024.097656	59337.347656
243.354487	243.397625	5
\	48969.070313	59600.515625
243.497278	243.520024	c5
\	49279.453125	50781.843750
244.651950	244.662782	5
\	64589.171875	67802.515625
244.777211	244.791269	5
\	74762.656250	75949.367188
244.903249	244.921121	5
\	65874.507813	68445.179688
244.956866	244.972572	5
\	70373.187500	74550.531250
244.988820	244.999110	5
\	71337.187500	73586.531250
245.216288	245.262865	c5t
\	51735.804688	57519.820313
245.341396	245.377682	c5
\	46915.789063	48843.796875
245.488167	245.519038	c5
\	48378.015625	49579.929688
245.616715	245.694513	c5t
\	42168.671875	47590.359375
245.769795	245.816371	5w
\	54988.542969	59495.714844
245.910308	245.966934	c5t
\	47680.410156	59278.351563
246.044398	246.112080	c5t
\	63788.660156	72487.117188
246.160282	246.251269	c5t
\	64002.890625	67909.109375
246.420246	246.481987	5t
\	59495.714844	67308.156250
246.586705	246.660779	5t
\	48969.070313	67332.476563
246.944506	246.960754	5
\	45974.191406	47777.058594
247.041993	247.058240	5
\	52057.136719	53021.140625
247.151722	247.194977	5w
\	48646.910156	58956.187500
247.475807	247.492596	5
\	51382.800781	52885.191406
248.716051	248.727425	5
\	60411.828125	64589.171875
248.864447	248.931063	5t
\	56490.933594	64303.371094
249.017176	249.090832	c5t
\	62200.019531	62500.500000
249.174427	249.208899	c5
\	51868.558594	57023.199219
249.325883	249.342131	5
\	56490.933594	56490.933594
249.470488	249.495943	5
\	58293.800781	59195.238281
249.596161	249.651921	c5
\	44136.597656	57023.199219
249.752657	249.797067	c5
\	52835.050781	62177.835938
249.885969	249.911381	5w
\	55734.539063	58634.019531
249.998432	250.044390	c5
\	47289.156250	50301.207031
252.385332	252.397789	5t
\	60310.488281	60647.414063
253.677569	253.696525	5t
\	53235.078125	53908.925781
254.107592	254.114092	5
\	53235.078125	54245.847656
254.529828	254.563801	5t
\	69026.898438	69620.250000
254.685470	254.693594	5
\	65364.359375	68396.679688
255.940026	255.965979	c5
\	42203.609375	48646.910156
258.417447	258.440323	c5
\	53479.382813	57023.199219
259.701689	259.710354	5
\	63342.812500	66038.210938
260.017336	260.049237	5t
\	52512.886719	61211.339844
260.407170	260.416542	5
\	79311.703125	79509.500000
261.292884	261.312923	5t
\	56267.398438	61658.187500
261.443935	261.454478	5
\	64280.062500	65268.984375
261.510604	261.518728	5
\	65364.359375	66038.210938
261.601050	261.646422	c5
\	43072.289063	53313.250000
261.773276	261.791690	c5
\	48855.058594	52224.300781
261.929254	261.972040	c5
\	40431.945313	44138.113281
261.998036	262.018075	5
\	58288.945313	64016.660156
262.121519	262.152931	5w
\	56604.320313	64016.660156
262.261181	262.314325	5w
\	50579.898438	65077.320313
262.378233	262.464888	5t
\	41105.792969	60647.414063
262.592703	262.613284	5t
\	57952.019531	61658.187500
262.949612	262.981024	5t
\	51213.527344	56267.398438
263.330892	263.339016	5
\	53908.925781	55930.468750
263.444202	263.482590	c5
\	42847.937500	52190.722656
263.681563	263.717588	5w
\	55412.371094	64755.156250
263.915269	263.926643	5
\	68059.757813	70081.304688
264.110326	264.154652	5w
\	43492.269531	54123.710938
264.158985	264.184982	5t
\	52898.148438	58625.867188
264.408117	264.430322	c5
\	40095.019531	46159.660156
264.656959	264.687578	c5
\	49935.566406	60567.011719
264.876478	264.907838	c5
\	44578.312500	48795.183594
265.034738	265.086190	5t
\	50202.753906	56604.320313
265.196133	265.215088	5t
\	53572.000000	58625.867188
265.306076	265.368359	c5t
\	56941.246094	64353.585938
265.452849	265.489133	c5
\	50257.730469	60244.847656
265.703062	265.728517	5w
\	55930.468750	60310.488281
265.904952	265.915495	5
\	74762.656250	74762.656250
266.009214	266.026786	5t
\	66455.703125	66851.265625
266.142763	266.153307	5
\	64873.417969	65268.984375
266.426086	266.448292	5
\	49191.980469	56604.320313
266.480245	266.493244	5
\	64016.660156	66712.054688
266.563109	266.590189	c5
\	49865.832031	50876.601563
266.697507	266.768914	c5
\	47036.082031	52190.722656
266.843112	266.892694	5w
\	57989.691406	66688.140625
266.993803	267.033273	c5
\	37048.195313	49096.386719
267.117157	267.163734	c5t
\	53908.925781	59636.644531
267.265768	267.298749	5w
\	61855.671875	70876.289063
267.311047	267.318629	5
\	66712.054688	66712.054688
267.537432	267.554221	5
\	50539.679688	58288.945313
267.571010	267.581842	5
\	57952.019531	61321.265625
267.657665	267.705867	c5
\	55412.371094	62500.000000
267.718865	267.726989	5
\	63342.812500	65364.359375
268.136812	268.171957	5
\	40963.855469	51506.023438
268.474741	268.529627	c5
\	44780.929688	59922.679688
268.553999	268.574579	5
\	59636.644531	64353.585938
268.833666	268.866467	5t
\	82080.703125	82278.484375
268.956401	269.006235	c5
\	56378.867188	63144.328125
269.113462	269.142708	c5
\	56941.246094	61658.187500
269.162747	269.184661	5w
\	60542.171875	67469.882813
269.285228	269.317129	5w
\	45103.089844	55412.371094
269.331547	269.374892	5t
\	76938.296875	78718.359375
269.384800	269.391840	5
\	62668.964844	62668.964844
269.462032	269.500421	c5
\	39948.453125	53157.218750
269.595479	269.625266	c5
\	38073.472656	44811.960938
269.827536	269.842986	5
\	60244.847656	62500.000000
269.927563	269.954056	c5
\	46713.917969	53479.382813
270.041107	270.077333	5
\	43814.433594	54768.039063
270.161139	270.189604	c5
\	49096.386719	50602.410156
270.456609	270.462566	5
\	64016.660156	66038.210938
270.562328	270.595310	c5
\	50000.000000	63554.218750
270.792395	270.799978	5
\	64690.507813	67722.828125
270.911545	270.939708	5w
\	56941.246094	63342.812500
270.965705	270.996575	c5t
\	63005.882813	69407.453125
271.058858	271.108143	5w
\	51550.453125	60310.488281
271.205203	271.260353	c5
\	46391.750000	67010.304688
271.349025	271.409582	c5
\	45747.421875	54768.039063
271.481841	271.511087	c5
\	60244.847656	65077.320313
271.521919	271.555497	5t
\	56604.320313	58625.867188
271.632345	271.651269	5
\	43814.433594	51868.558594
271.743430	271.758053	c5
\	49191.980469	52561.226563
271.932445	271.937319	5
\	55593.546875	58625.867188
272.022179	272.076788	5w
\	56056.699219	68298.968750
272.152484	272.188710	5
\	56701.031250	67010.304688
272.953886	273.036750	5t
\	55593.546875	62332.035156
273.115280	273.154817	5w
\	54919.699219	61321.265625
273.278299	273.370911	c5t
\	63005.882813	66038.210938
273.425799	273.524723	c5t
\	51546.390625	58956.187500
273.594493	273.713984	5f
\	36746.984375	56024.097656
274.285489	274.298465	5
\	42168.671875	46385.542969
274.411108	274.442738	c5
\	72784.812500	74564.875000
274.544540	274.560246	5
\	69744.382813	73113.625000
274.710468	274.770383	c5t
\	50579.898438	60889.175781
274.981604	275.000560	5t
\	60647.414063	62668.964844
275.092630	275.116460	c5
\	47170.433594	52224.300781
276.150314	276.182214	5t
\	52512.886719	57667.527344
276.316626	276.333957	5
\	63342.812500	66038.210938
276.456342	276.480132	5
\	67469.882813	71385.539063
276.615844	276.691408	c5t
\	62177.835938	68298.968750
276.762370	276.809475	c5
\	62349.398438	65060.242188
276.906419	276.952455	c5t
\	61995.113281	69744.382813
277.099226	277.190755	c5t
\	47844.281250	52898.148438
277.393891	277.490133	5f
\	46713.917969	63466.496094
277.560962	277.623141	c5t
\	48969.070313	61211.339844
277.688564	277.723709	5
\	51204.820313	57228.914063
278.061097	278.094619	c5
\	45425.257813	52512.886719
278.278812	278.305350	5
\	36388.847656	44138.113281
278.567178	278.599079	5
\	46069.589844	49291.238281
278.997503	279.004544	5
\	58288.945313	59636.644531
279.020792	279.037040	5t
\	64016.660156	68059.757813
279.151315	279.159439	5
\	51887.378906	55593.546875
279.282145	279.348920	c5t
\	62500.000000	62697.781250
279.437141	279.490669	5w
\	41867.468750	57228.914063
279.579342	279.647468	5w
\	48646.910156	69587.625000
279.711810	279.784802	c5t
\	40662.648438	62951.812500
279.889695	279.916730	5w
\	49935.566406	60567.011719
280.029235	280.056314	c5
\	39421.171875	44138.113281
280.309808	280.346607	c5
\	51807.226563	57831.324219
280.559064	280.582854	5
\	52190.722656	58634.019531
284.581851	284.600265	c5
\	55930.468750	56941.246094
285.772269	285.793391	5
\	59636.644531	62668.964844
285.914707	285.989989	c5t
\	57278.167969	61321.265625
286.093974	286.112930	c5
\	44138.113281	45822.734375
286.448175	286.460090	5
\	59636.644531	61658.187500
286.566081	286.637190	c5t
\	53479.382813	58311.855469
286.704497	286.749914	5w
\	47036.082031	57023.199219
286.870487	286.965107	5t
\	46713.917969	66043.820313
287.042966	287.117040	c5t
\	47289.156250	48493.976563
288.476976	288.510013	5t
\	59299.714844	62332.035156
288.634037	288.672490	c5
\	56604.320313	56941.246094
289.770184	289.813980	c5
\	50579.898438	67976.804688
291.461144	291.488223	c5
\	52561.226563	61321.265625
291.723816	291.773100	5t
\	56941.246094	63679.738281
291.876003	291.935036	5t
\	53572.000000	59299.714844
292.019707	292.078281	5t
\	77927.218750	77927.218750
292.093510	292.099368	5
\	81487.343750	82476.265625
292.109911	292.120455	5
\	81289.562500	81289.562500
292.513997	292.537286	c5
\	40095.019531	41442.714844
293.480196	293.510525	c5t
\	44138.113281	44811.960938
293.950297	293.958421	5
\	64690.507813	66712.054688
295.261207	295.278780	c5
\	62697.781250	62697.781250
295.558823	295.615149	5t
\	51550.453125	56267.398438
296.040840	296.060337	5t
\	59636.644531	63342.812500
296.191402	296.243395	ct
\	56941.246094	61658.187500
296.455157	296.485486	5w
\	56941.246094	60647.414063
297.086652	297.106150	5t
\	54919.699219	58601.063291
297.775576	297.803691	5w
\	58634.019531	61533.507813
297.913121	297.929369	c5
\	50202.753906	52898.148438
298.039312	298.047435	5
\	56267.398438	56941.246094
298.151421	298.214246	5t
\	58962.792969	68396.679688
298.288146	298.338812	5f
\	48324.742188	58956.187500
298.430882	298.437381	5
\	58288.945313	58288.945313
298.462836	298.469877	5
\	64016.660156	66038.210938
299.182611	299.195609	5
\	69070.523438	72776.695313
299.285711	299.322477	5
\	50000.000000	56927.710938
301.592150	301.601899	5
\	74798.250000	76145.945313
302.439199	302.447323	5
\	55593.546875	56267.398438
302.764154	302.800982	5t
\	60984.339844	68059.757813
302.908759	302.957502	c5
\	41779.640625	47844.281250
302.973750	302.979166	5
\	68059.757813	68396.679688
303.061488	303.109148	c5
\	63788.660156	66688.140625
303.216383	303.286248	c5t
\	39758.093750	45148.886719
303.520215	303.559752	c5
\	41779.640625	42790.414063
303.660398	303.687973	c5
\	51546.390625	56056.699219
304.270291	304.300570	5t
\	51546.390625	56701.031250
304.941823	304.971020	5
\	43170.101563	50257.730469
304.981429	304.997513	c5
\	66265.062500	70481.929688
305.059959	305.071874	5
\	45148.886719	50539.679688
305.109786	305.142281	c5
\	74420.101563	78286.078125
305.166653	305.179110	5
\	60984.339844	63342.812500
306.787723	306.813676	5
\	46391.750000	51868.558594
307.360639	307.368222	5
\	55593.546875	57278.167969
307.490621	307.499287	5
\	57952.019531	59973.566406
307.734879	307.746794	5
\	58625.867188	64016.660156
308.368541	308.375581	5
\	63342.812500	66038.210938
309.415437	309.422477	5
\	57278.167969	59299.714844
310.153084	310.161208	5
\	54582.773438	56604.320313
310.183955	310.197494	5
\	51887.378906	51887.378906
310.290107	310.315020	5t
\	46159.660156	50539.679688
310.438433	310.467630	5w
\	56378.867188	57345.359375
310.609289	310.647678	5w
\	54123.710938	63788.660156
310.798661	310.841784	c5
\	58311.855469	65077.320313
310.974136	311.053209	5t
\	50539.679688	59973.566406
311.160789	311.258472	5t
\	62822.164063	70554.125000
311.376522	311.428531	c5
\	54819.277344	63554.218750
311.457236	311.528184	5t
\	55930.468750	63342.812500
311.636502	311.668456	c5t
\	48855.058594	60310.488281
311.994526	312.035077	5t
\	42525.773438	50579.898438
313.023518	313.032725	5
\	50876.601563	55930.468750
313.145105	313.173221	5w
\	57989.691406	65077.320313
313.329517	313.337641	5
\	61658.187500	62332.035156
313.853403	313.903687	5t
\	34149.484375	51868.558594
317.952540	317.972037	5w
\	57952.019531	64016.660156
318.011032	318.015906	5
\	63679.738281	65027.433594
318.224419	318.267746	5t
\	59299.714844	59636.644531
318.355692	318.387593	c5t
\	53157.218750	60889.175781
318.709685	318.731890	5
\	46833.511719	52898.148438
319.062909	319.086159	c5
\	49935.566406	51546.390625
319.207813	319.262963	c5
\	50257.730469	59278.351563
319.355961	319.388402	c5
\	48324.742188	58956.187500
319.565399	319.574606	5
\	58962.792969	61658.187500
320.150769	320.177803	5w
\	58634.019531	66365.976563
320.733070	320.753109	c5
\	39084.246094	41442.714844
321.163923	321.194382	5
\	74564.875000	75356.015625
321.285127	321.334329	c5t
\	44458.761719	57989.691406
321.908864	321.915905	5
\	51213.527344	53908.925781
321.993353	322.006892	5
\	58288.945313	59973.566406
322.208906	322.234030	c5
\	64110.824219	70231.960938
322.417419	322.426084	5
\	67385.906250	67722.828125
323.074911	323.086284	5
\	61658.187500	64690.507813
323.122571	323.154524	c5
\	48518.132813	51550.453125
323.872674	323.883506	5
\	53235.078125	58625.867188
324.568619	324.579993	5
\	54245.847656	55930.468750
326.591956	326.610960	c5
\	62822.164063	64110.824219
326.877438	326.896903	5t
\	56056.699219	61855.671875
327.001255	327.030993	5w
\	62500.000000	68943.296875
328.425291	328.436123	5
\	56941.246094	61658.187500
328.459411	328.486491	5t
\	48518.132813	50876.601563
328.763785	328.775159	5
\	61995.113281	67385.906250
328.882935	328.901891	5t
\	70554.125000	73453.601563
328.993962	329.009126	c5
\	65399.484375	69587.625000
329.114737	329.120694	5
\	58288.945313	60984.339844
329.523096	329.537178	5t
\	71520.617188	72164.945313
330.432428	330.438927	5
\	63342.812500	64353.585938
331.246440	331.271353	5w
\	56941.246094	62332.035156
331.372699	331.428389	5t
\	57989.691406	69265.460938
331.761452	331.813486	5w
\	53157.218750	57667.527344
331.890392	331.953758	c5t
\	40768.867188	46496.582031
332.039995	332.065767	5t
\	65268.984375	66257.906250
332.214005	332.252394	5w
\	55412.371094	63788.660156
332.339371	332.357287	c5
\	70231.960938	72809.281250
332.589586	332.714694	ct
\	44811.960938	56267.398438
332.784969	332.838177	c5
\	68943.296875	75064.437500
332.849852	332.871479	5
\	68298.968750	71842.781250
333.324526	333.375977	5
\	49613.402344	61533.507813
333.548958	333.595863	c5
\	49613.402344	60567.011719
333.862867	333.908361	5t
\	56267.398438	60984.339844
334.427206	334.443453	5
\	53235.078125	56941.246094
334.634093	334.680670	c5t
\	50876.601563	53908.925781
336.664519	336.673726	5
\	70081.304688	72439.773438
336.747924	336.813998	c5t
\	56267.398438	61658.187500
336.896343	336.941814	5t
\	56626.507813	66265.062500
337.018720	337.036051	c5
\	46159.660156	50202.753906
337.238606	337.261353	c5
\	48181.207031	52561.226563
337.573309	337.595515	c5
\	39421.171875	44138.113281
338.549257	338.560089	5
\	53908.925781	55930.468750
338.658437	338.687634	5w
\	61855.671875	70876.289063
338.968448	338.980364	5
\	53908.925781	56267.398438
339.620524	339.628107	5
\	62668.964844	64353.585938
339.709345	339.744134	c5t
\	64432.984375	72164.945313
339.832266	339.849568	c5
\	52190.722656	56056.699219
339.940403	339.970141	c5
\	51224.226563	60567.011719
340.040799	340.121496	5t
\	52898.148438	63342.812500
340.171816	340.219937	5
\	46391.750000	54123.710938
340.287523	340.316720	5
\	41559.277344	49291.238281
341.272378	341.353617	5t
\	53572.000000	61321.265625
341.407776	341.438105	5t
\	56267.398438	61321.265625
341.687358	341.696009	5
\	67332.476563	69265.460938
341.758727	341.847548	5t
\	47507.359375	62668.964844
341.926079	341.977530	5w
\	57615.093750	63679.738281
342.054436	342.112928	5t
\	61658.187500	64690.507813
342.188574	342.215608	5t
\	63466.496094	67976.804688
342.298693	342.321982	c5
\	45485.812500	46159.660156
342.428641	342.507206	c5
\	50902.062500	58956.187500
342.581946	342.638271	5f
\	43492.269531	59600.515625
342.711417	342.757916	5w
\	49291.238281	59278.351563
342.861187	342.934720	5f
\	46713.917969	59600.515625
343.012038	343.053672	5w
\	51224.226563	59278.351563
343.282765	343.306053	5
\	38410.394531	47170.433594
343.420329	343.439826	c5
\	49528.906250	52224.300781
343.456074	343.518899	5t
\	53235.078125	69407.453125
343.587681	343.600137	5
\	46159.660156	48855.058594
344.132521	344.207261	c5t
\	34367.304688	40768.867188
344.264806	344.308061	5
\	39759.035156	47590.359375
344.606414	344.638368	5t
\	56941.246094	60984.339844
344.699568	344.747228	c5t
\	48518.132813	50876.601563
345.104678	345.174001	5t
\	56604.320313	64690.507813
345.242242	345.320231	5t
\	51887.378906	59299.714844
345.385107	345.467544	c5t
\	58311.855469	69587.625000
345.536499	345.607275	c5t
\	53479.382813	64432.984375
345.683566	345.713303	5w
\	55090.207031	65399.484375
345.858207	345.915440	c5
\	43814.433594	53479.382813
345.987972	346.036756	5w
\	43814.433594	54445.878906
346.159698	346.247435	5t
\	54245.847656	66038.210938
346.317249	346.359003	c5
\	46391.750000	55090.207031
346.438363	346.478373	c5
\	49613.402344	56701.031250
346.569749	346.635172	5f
\	48324.742188	61533.507813
347.108813	347.132243	5t
\	76344.937500	76938.296875
347.232048	347.302455	5t
\	49865.832031	60647.414063
347.372321	347.445435	5t
\	58288.945313	63342.812500
347.494862	347.664097	5f
\	34149.484375	55734.539063
347.977820	347.992443	5t
\	68059.757813	72102.851563
348.093720	348.109426	5
\	49865.832031	52224.300781
348.197754	348.228573	5
\	48324.742188	53801.546875
348.564969	348.607143	5t
\	71400.312500	72587.031250
348.662933	348.689237	c5t
\	47680.410156	52835.050781
348.713301	348.733881	c5
\	44475.039063	47844.281250
348.873611	348.904970	c5
\	43814.433594	49935.566406
349.017974	349.050956	c5
\	38981.960938	45425.257813
349.168779	349.190984	c5
\	44138.113281	45822.734375
349.291020	349.357253	c5t
\	40914.949219	49613.402344
349.439709	349.485667	c5
\	50579.898438	56701.031250
349.576502	349.615431	c5
\	53614.457031	53915.660156
349.724650	349.736545	5
\	61746.988281	65662.648438
350.016369	350.057530	c5
\	50539.679688	54245.847656
354.344767	354.350724	5
\	64016.660156	64016.660156
354.629102	354.647516	5
\	55256.621094	60984.339844
354.761251	354.785467	c5
\	63144.328125	67976.804688
354.901523	354.912896	5
\	69070.523438	73113.625000
355.849307	355.907799	5f
\	48181.207031	52898.148438
357.514159	357.521200	5
\	57952.019531	58625.867188
357.834781	357.861861	c5
\	46159.660156	49528.906250
358.307590	358.366624	5t
\	60310.488281	68059.757813
358.438339	358.474565	c5
\	55722.890625	63554.218750
358.731115	358.820063	c5t
\	41881.441406	57667.527344
358.894678	358.979566	c5t
\	58634.019531	73131.445313
359.067984	359.150306	c5t
\	50902.062500	58956.187500
359.244543	359.350695	5t
\	51550.453125	58625.867188
359.421306	359.586756	c5
\	35115.980469	53801.546875
359.710312	359.835961	c5t
\	43801.191406	47170.433594
359.899813	359.938742	5w
\	49613.402344	55734.539063
360.083105	360.124197	5
\	47358.250000	57667.527344
360.198812	360.235578	5
\	44578.312500	50301.207031
360.357233	360.434551	c5t
\	47358.250000	55734.539063
360.504299	360.547013	5
\	40270.617188	48969.070313
360.828156	360.866068	5t
\	51213.527344	57952.019531
361.956291	361.969289	5
\	55930.468750	59973.566406
362.187009	362.196216	5
\	57952.019531	58962.792969
362.303160	362.353985	c5
\	48192.769531	52710.843750
362.455633	362.478883	5
\	48002.578125	52835.050781
362.860748	362.867247	5
\	50539.679688	51213.527344
362.964192	362.983148	5
\	44811.960938	48518.132813
363.152666	363.179204	5
\	44475.039063	50539.679688
363.477529	363.493750	c5
\	54123.710938	58311.855469
363.706780	363.723541	c5
\	54768.039063	60889.175781
364.210935	364.225017	5
\	60984.339844	64690.507813
364.251013	364.261303	5
\	67385.906250	68396.679688
364.450223	364.468606	c5
\	59600.515625	60889.175781
364.495100	364.518349	c5
\	42771.085938	48192.769531
364.634056	364.670282	c5
\	37693.300781	43170.101563
364.781122	364.811941	c5
\	44136.597656	46391.750000
364.937380	364.974579	c5
\	37693.300781	52512.886719
365.075255	365.135812	5w
\	37951.808594	50301.207031
365.243408	365.288702	c5t
\	39156.625000	45783.132813
365.366144	365.428974	c5t
\	43492.269531	51868.558594
365.501006	365.557006	5f
\	45783.132813	47891.566406
365.635320	365.643444	5
\	63679.738281	66038.210938
365.656442	365.664566	5
\	67048.984375	69070.523438
366.043680	366.084841	5t
\	54582.773438	62332.035156
366.153082	366.175287	c5
\	49865.832031	51887.378906
366.285772	366.304186	c5
\	51550.453125	53235.078125
367.150151	367.178314	5t
\	53908.925781	63005.882813
367.210809	367.214601	5
\	64016.660156	65701.281250
367.310462	367.327793	c5
\	57952.019531	58962.792969
367.491354	367.506518	5
\	56941.246094	61658.187500
367.624585	367.632709	5
\	54582.773438	57615.093750
373.114696	373.135818	5
\	65027.433594	68733.609375
373.253885	373.273924	c5
\	59973.566406	63679.738281
373.391449	373.416362	5w
\	61995.113281	66375.125000
373.543383	373.552755	5
\	72587.031250	72587.031250
373.584256	373.591296	5
\	60310.488281	62332.035156
373.679576	373.698109	c5
\	63788.660156	67010.304688
373.720737	373.725070	5
\	66375.125000	69744.382813
373.823549	373.877076	c5
\	44277.109375	48192.769531
373.960662	373.992074	c5
\	55256.621094	56267.398438
374.120431	374.141553	5
\	44811.960938	48181.207031
374.370646	374.403683	5
\	45822.734375	52561.226563
374.643067	374.665272	c5
\	45148.886719	51213.527344
374.757884	374.770341	5
\	61658.187500	63679.738281
374.899513	374.928169	5
\	41237.113281	49935.566406
375.124438	375.152554	c5
\	48646.910156	52835.050781
375.371507	375.441372	5t
\	50202.753906	60984.339844
375.524546	375.560522	c5
\	38855.421875	42771.085938
375.669382	375.693754	c5
\	44811.960938	48855.058594
375.822653	375.915265	c5t
\	38410.394531	45148.886719
375.988454	376.105783	5f
\	34149.484375	51224.226563
376.177153	376.200683	c5
\	55412.371094	59922.679688
376.293295	376.324220	c5
\	48969.070313	57345.359375
376.452903	376.534006	5f
\	43814.433594	56701.031250
376.627544	376.689740	c5
\	39948.453125	51224.226563
376.794075	376.828388	c5
\	42771.085938	49698.796875
376.973042	377.040150	c5t
\	47680.410156	57667.527344
377.075895	377.083477	5
\	69744.382813	70418.226563
377.099725	377.107307	5
\	62668.964844	65027.433594
377.190939	377.242844	c5
\	48324.742188	56056.699219
377.397481	377.509402	5f
\	31894.330078	57023.199219
377.648898	377.669445	c5
\	62822.164063	67332.476563
377.788396	377.821378	c5
\	36746.984375	45180.722656
377.983602	378.001474	c5
\	44475.039063	47170.433594
378.123332	378.141205	5
\	58962.792969	64016.660156
378.276603	378.339969	c5
\	48518.132813	50876.601563
378.451537	378.501020	c5t
\	59278.351563	69265.460938
378.622133	378.708643	5f
\	42771.085938	50602.410156
378.794071	378.833542	c5
\	47680.410156	58956.187500
378.963340	379.039163	5t
\	49191.980469	60310.488281
379.124430	379.350437	c5
\	34471.648438	52190.722656
379.466684	379.488852	c5
\	52190.722656	61211.339844
379.626187	379.661872	5w
\	49096.386719	55421.687500
379.799747	379.990198	c5t
\	36726.800781	57023.199219
380.179755	380.192211	5
\	48518.132813	50876.601563
380.419679	380.434302	5
\	51887.378906	54245.847656
380.551286	380.565909	5
\	52561.226563	56604.320313
380.743551	380.831830	c5t
\	37736.546875	51213.527344
380.888147	380.940593	5w
\	47680.410156	55412.371094
381.034132	381.063870	c5
\	43814.433594	57345.359375
381.173088	381.303556	c5t
\	50579.898438	56056.699219
381.370172	381.425048	5f
\	38337.628906	48324.742188
381.527237	381.593308	c5
\	40914.949219	49613.402344
381.738105	381.756488	c5
\	49698.796875	53012.046875
381.889017	381.915555	c5
\	43801.191406	46159.660156
382.083989	382.092113	5
\	52224.300781	53908.925781
382.231844	382.355868	5f
\	38747.320313	48181.207031
382.676194	382.696740	5w
\	52512.886719	57023.199219
382.856840	382.903417	c5t
\	44811.960938	51887.378906
383.000904	383.025817	c5
\	44811.960938	48181.207031
383.172003	383.240670	5f
\	39304.121094	48646.910156
383.333488	383.348717	c5
\	69422.468750	69818.031250
383.537621	383.627525	c5t
\	66043.820313	67976.804688
383.858243	383.875573	c5
\	41105.792969	44138.113281
384.040759	384.074337	c5t
\	65077.320313	69909.796875
384.310471	384.352174	5t
\	56604.320313	66375.125000
384.438828	384.466991	5
\	47507.359375	50876.601563
384.555271	384.576934	5w
\	53235.078125	55593.546875
384.596973	384.606180	5
\	66712.054688	68059.757813
384.700417	384.733996	5
\	47507.359375	53235.078125
384.889974	384.906222	5t
\	55930.468750	61321.265625
385.099028	385.152104	c5t
\	49191.980469	52561.226563
385.224986	385.259049	5
\	42847.937500	47358.250000
385.355291	385.400168	5
\	49935.566406	58311.855469
385.510638	385.526344	c5
\	60984.339844	64690.507813
385.636989	385.669970	5
\	48969.070313	53801.546875
385.779267	385.799847	c5
\	47507.359375	48518.132813
385.929829	385.962325	c5
\	35378.074219	42116.566406
386.093868	386.136582	c5
\	45747.421875	51868.558594
386.343605	386.360936	c5
\	53908.925781	53908.925781
386.792434	386.810457	5t
\	68621.132813	73131.445313
387.019522	387.078997	c5t
\	41867.468750	50000.000000
387.174158	387.210924	5
\	54445.878906	56701.031250
387.359613	387.429902	c5
\	43492.269531	54768.039063
387.530470	387.630967	c5t
\	46084.335938	52108.433594
387.837855	387.888765	c5t
\	44138.113281	48518.132813
387.925052	387.953214	5w
\	60310.488281	65701.281250
388.081571	388.109193	c5
\	41779.640625	42453.492188
388.215518	388.264180	c5t
\	36445.781250	44277.109375
388.360422	388.439563	c5t
\	41237.113281	48324.742188
388.553447	388.644826	5t
\	64755.156250	70554.125000
388.709164	388.792430	c5
\	37371.132813	53157.218750
388.878794	388.911831	c5t
\	43464.261719	44811.960938
389.061852	389.092722	5
\	45485.812500	50202.753906
389.243285	389.268740	c5
\	35378.074219	43801.191406
389.289320	389.319649	5t
\	57615.093750	68396.679688
389.425032	389.472612	5
\	40270.617188	51868.558594
389.574739	389.592070	5
\	54245.847656	59636.644531
389.634855	389.686306	5t
\	62668.964844	74124.390625
389.773234	389.892184	c5
\	33182.988281	47036.082031
390.086291	390.149010	5t
\	53157.218750	63144.328125
390.306970	390.340549	5t
\	54582.773438	61658.187500
390.358421	390.386042	5t
\	55593.546875	58962.792969
390.491805	390.523165	c5
\	55412.371094	61855.671875
390.616219	390.679043	5t
\	53908.925781	75135.171875
390.745927	390.824326	5f
\	39304.121094	60889.175781
390.952005	390.969336	c5
\	64432.984375	68298.968750
391.375285	391.437271	c5
\	53801.546875	57667.527344
391.578583	391.601292	c5
\	48969.070313	55090.207031
393.309552	393.346922	5t
\	57615.093750	66038.210938
393.425453	393.442784	5
\	64016.660156	66038.210938
393.466614	393.489902	5t
\	70081.304688	70755.148438
393.580742	393.607235	5w
\	66365.976563	73131.445313
393.711588	393.746192	c5
\	50257.730469	53479.382813
394.076445	394.110566	c5
\	53572.000000	53908.925781
394.130063	394.140895	5
\	68396.679688	68733.609375
394.344533	394.352115	5
\	55256.621094	55593.546875
394.373779	394.408441	5t
\	58625.867188	59973.566406
394.573981	394.637534	5f
\	36746.984375	48493.976563
394.850921	394.897498	5w
\	58962.792969	63679.738281
395.010855	395.037889	c5
\	52835.050781	67332.476563
395.655893	395.686172	c5
\	57345.359375	62822.164063
395.809448	395.864598	5f
\	33182.988281	50902.062500
395.961183	395.989346	c5t
\	39084.246094	41779.640625
396.097093	396.131697	5
\	53801.546875	61211.339844
396.444283	396.471904	c5
\	45822.734375	48518.132813
397.265514	397.319042	5t
\	61533.507813	70554.125000
397.432586	397.460849	5t
\	63788.660156	66043.820313
397.563210	397.604371	c5t
\	36051.925781	41105.792969
397.731585	397.764567	5
\	39304.121094	45425.257813
397.927854	397.939209	5
\	64110.824219	68943.296875
398.401052	398.410801	5
\	56604.320313	58288.945313
398.483374	398.515579	c5
\	53479.382813	57667.527344
398.533200	398.539699	5
\	60984.339844	61658.187500
398.831075	398.847323	5
\	47844.281250	50539.679688
406.996647	407.043766	5t
\	69744.382813	80525.960938
407.225740	407.251195	c5
\	59636.644531	59973.566406
407.366554	407.378469	5
\	56267.398438	57952.019531
407.497449	407.540946	c5
\	50579.898438	55734.539063
407.801314	407.820238	5
\	63144.328125	69909.796875
410.490453	410.498576	5
\	53572.000000	55930.468750
410.508867	410.516449	5
\	67722.828125	69070.523438
411.458276	411.469108	5
\	57278.167969	59636.644531
411.582301	411.605048	c5
\	61658.187500	61995.113281
412.188437	412.221960	5w
\	63466.496094	73453.601563
412.355693	412.365442	5
\	61995.113281	65701.281250
412.531169	412.556082	5w
\	53908.925781	57952.019531
412.593452	412.658984	5t
\	42116.566406	57952.019531
412.735070	412.783192	5w
\	62951.812500	74096.390625
412.907549	413.000187	5t
\	53479.382813	63144.328125
413.089220	413.187624	5t
\	46385.542969	61144.578125
413.255210	413.353304	5t
\	60889.175781	64432.984375
413.535279	413.553151	5
\	43801.191406	48181.207031
413.726147	413.791029	c5t
\	60889.175781	64432.984375
413.859156	413.914847	c5
\	54819.277344	57831.324219
413.991299	414.018378	c5
\	47507.359375	50876.601563
414.331418	414.340625	5
\	61658.187500	64353.585938
415.059478	415.075023	5
\	66688.140625	69265.460938
415.092354	415.098853	5
\	55593.546875	59973.566406
416.231862	416.241611	5
\	58625.867188	59636.644531
417.181669	417.213569	5t
\	46686.746094	52710.843750
417.598297	417.631334	c5
\	65077.320313	70876.289063
417.956830	418.004490	c5t
\	49191.980469	53572.000000
418.565579	418.584534	c5
\	51213.527344	54919.699219
418.841574	418.878881	5t
\	56056.699219	65399.484375
419.074133	419.114211	c5t
\	49865.832031	55256.621094
419.387714	419.406670	c5
\	45822.734375	48518.132813
419.548791	419.570959	5t
\	54445.878906	62177.835938
419.920640	419.939054	c5
\	53908.925781	56604.320313
419.998629	420.008378	5
\	55256.621094	60647.414063
420.091783	420.161107	c5
\	48181.207031	59636.644531
420.402804	420.412175	5
\	77729.437500	77729.437500
420.570550	420.597629	5
\	50539.679688	54582.773438
420.743317	420.763898	5t
\	59299.714844	59973.566406
420.892394	420.902667	5
\	57345.359375	62822.164063
421.140304	421.151677	c5
\	42790.414063	44475.039063
423.052663	423.071077	5t
\	63342.812500	69070.523438
423.639206	423.645705	5
\	59973.566406	60984.339844
423.856384	423.907835	5t
\	46496.582031	53572.000000
424.034409	424.059010	5t
\	74762.656250	74762.656250
424.177006	424.205716	c5
\	59600.515625	63466.496094
424.370896	424.379561	5
\	58962.792969	61995.113281
424.503093	424.525791	c5
\	51546.390625	54768.039063
424.643316	424.685304	c5t
\	53479.382813	63144.328125
424.793879	424.834498	c5
\	44811.960938	48181.207031
424.875117	424.912487	5t
\	54582.773438	60310.488281
424.998600	425.023513	5
\	45485.812500	48855.058594
425.137789	425.148621	5
\	59299.714844	61321.265625
425.254646	425.282221	c5
\	55412.371094	64110.824219
425.298100	425.328971	5t
\	53235.078125	68733.609375
425.409823	425.453078	5
\	39304.121094	51546.390625
428.873686	428.962507	c5
\	44811.960938	45485.812500
433.746924	433.764255	5
\	58288.945313	64353.585938
433.960311	433.970060	5
\	55256.621094	59636.644531
435.856964	435.864546	5
\	58962.792969	60984.339844
436.230120	436.262074	5
\	51213.527344	56941.246094
437.482279	437.489862	5
\	67048.984375	68733.609375
437.514233	437.520732	5
\	66712.054688	67722.828125
437.607387	437.638799	5t
\	56604.320313	64016.660156
437.748809	437.782332	5w
\	58956.187500	65077.320313
437.899846	437.923135	5w
\	40431.945313	57615.093750
437.951839	437.985418	5t
\	57952.019531	71429.000000
438.059703	438.137022	5f
\	47036.082031	58956.187500
438.326802	438.345726	5
\	60244.847656	65399.484375
438.816219	438.879585	c5t
\	61995.113281	66375.125000
438.978154	439.006317	c5
\	46833.511719	51550.453125
439.140632	439.164462	c5
\	46159.660156	49865.832031
439.275488	439.340479	c5t
\	40768.867188	49528.906250
439.426592	439.463962	c5
\	47844.281250	53235.078125
439.583896	439.608567	c5
\	51868.558594	54768.039063
439.815455	439.826828	5
\	37399.625000	47170.433594
439.926481	439.943812	5t
\	56267.398438	62668.964844
440.520065	440.539021	5
\	55256.621094	63342.812500
440.777862	440.793027	5
\	55930.468750	61658.187500
440.923009	440.943048	c5
\	48181.207031	54919.699219
441.103359	441.147769	c5t
\	45485.812500	51550.453125
441.238757	441.259879	c5
\	50202.753906	54919.699219
441.378432	441.417902	5w
\	49397.589844	54518.074219
441.456831	441.464942	5
\	63466.496094	67010.304688
441.537934	441.625525	5f
\	37048.968750	55734.539063
441.729438	441.739187	5
\	68733.609375	72102.851563
441.883432	441.912629	c5
\	44458.761719	48969.070313
442.060236	442.090515	c5
\	49291.238281	50257.730469
442.129985	442.190542	5t
\	58311.855469	71520.617188
442.265156	442.319773	c5
\	46686.746094	54819.277344
442.457879	442.477646	c5
\	65721.648438	71198.453125
442.527202	442.590568	5t
\	51887.378906	70418.226563
442.690135	442.767127	c5t
\	43814.433594	57345.359375
442.888567	443.074563	5f
\	43492.269531	49935.566406
445.476708	445.491873	5
\	63554.218750	65662.648438
445.574736	445.615897	c5
\	45485.812500	48518.132813
445.678180	445.683055	5
\	55256.621094	56604.320313
445.769709	445.809787	c5
\	43127.339844	47844.281250
446.202982	446.228437	c5
\	54123.710938	58634.019531
446.458173	446.476557	5
\	70554.125000	76030.921875
446.495442	446.534436	5t
\	62668.964844	69407.453125
446.611728	446.686343	5f
\	45747.421875	57345.359375
446.952003	447.022410	c5t
\	42116.566406	50202.753906
447.201706	447.284882	5t
\	66455.703125	67444.625000
447.388693	447.499534	c5t
\	34149.484375	49613.402344
447.593789	447.636574	c5
\	45822.734375	49191.980469
447.742726	447.807176	c5t
\	62048.191406	62951.812500
447.898163	447.938241	c5t
\	46496.582031	48181.207031
448.064973	448.148356	c5
\	33827.320313	56701.031250
448.258656	448.305696	5
\	47680.410156	51868.558594
448.424048	448.443004	c5
\	50876.601563	52898.148438
448.607399	448.696071	5f
\	40270.617188	57667.527344
448.951905	448.960106	5
\	75949.367188	75949.367188
449.177822	449.229728	c5
\	56701.031250	64755.156250
449.280846	449.313883	5t
\	57278.167969	67385.906250
449.384364	449.510344	5f
\	46713.917969	57345.359375
449.615007	449.630714	5
\	43464.261719	49528.906250
449.711411	449.721159	5
\	45822.734375	47507.359375
449.850435	449.917209	c5t
\	47891.566406	53915.660156
450.052651	450.115371	5
\	33433.734375	53012.046875
450.259501	450.285497	c5
\	45148.886719	48518.132813
450.439782	450.474927	c5
\	46987.949219	50602.410156
450.651072	450.739351	c5t
\	38410.394531	47170.433594
451.870735	451.878317	5
\	61995.113281	62668.964844
452.041878	452.056501	5
\	57615.093750	61321.265625
452.495190	452.509271	5
\	41779.640625	44811.960938
452.629505	452.665250	5w
\	61321.265625	65027.433594
452.784400	452.796856	5
\	60647.414063	60984.339844
452.928558	452.973976	5
\	43170.101563	50257.730469
453.083900	453.092023	5
\	44138.113281	45822.734375
453.123977	453.144016	5t
\	56604.320313	63342.812500
453.354154	453.369860	5
\	55930.468750	58288.945313
453.405063	453.421853	5t
\	64690.507813	69070.523438
453.513039	453.606037	5t
\	67010.304688	69265.460938
453.694710	453.886538	c5t
\	44458.761719	61211.339844
453.978569	454.050481	c5
\	43170.101563	51546.390625
454.160042	454.236947	c5t
\	63466.496094	65721.648438
454.331637	454.366782	c5
\	51868.558594	58634.019531
454.382094	454.424338	5t
\	55256.621094	57952.019531
454.512226	454.555481	c5
\	42847.937500	51224.226563
454.640433	454.656681	5t
\	64353.585938	70755.148438
454.758238	454.829068	c5
\	37371.132813	48002.578125
454.888482	454.952390	5t
\	47170.433594	58625.867188
455.251343	455.277296	5w
\	60244.847656	69909.796875
455.428148	455.471943	c5
\	52108.433594	55421.687500
455.673078	455.782837	c5t
\	57989.691406	65721.648438
455.979647	456.028309	c5
\	49291.238281	60889.175781
456.316494	456.340284	5
\	40592.781250	48324.742188
457.738877	457.755666	5
\	51887.378906	59299.714844
458.229558	458.243098	5
\	66038.210938	67385.906250
458.353257	458.477074	5f
\	45747.421875	58634.019531
458.635210	458.657663	c5
\	61533.507813	67976.804688
459.269719	459.324656	c5
\	53479.382813	60244.847656
459.462220	459.525586	c5t
\	43127.339844	44475.039063
459.659901	459.691313	c5
\	67654.640625	69909.796875
459.819670	459.837001	c5
\	49528.906250	50539.679688
459.987749	460.078551	c5
\	40914.949219	48324.742188
460.214567	460.226282	5
\	76938.296875	77333.859375
460.299520	460.317393	5
\	70081.304688	74461.320313
460.406781	460.545403	c5
\	51868.558594	52512.886719
460.640988	460.652703	5
\	81685.125000	82476.265625
460.880962	460.912060	5t
\	65077.320313	67010.304688
460.991262	461.036139	5
\	44458.761719	48969.070313
461.143195	461.176898	c5
\	54768.039063	59600.515625
461.281069	461.313379	c5
\	70231.960938	70231.960938
461.442820	461.534349	c5t
\	55734.539063	60244.847656
461.664416	461.760192	c5t
\	53479.382813	56056.699219
461.876364	461.925026	5
\	58734.937500	68975.906250
462.041278	462.053735	5
\	59299.714844	62332.035156
462.085688	462.118184	5t
\	61321.265625	65364.359375
462.289989	462.303506	5
\	62048.191406	67469.882813
462.520586	462.654901	5t
\	54445.878906	58956.187500
462.746327	462.823105	5f
\	32538.660156	44780.929688
462.926780	462.951151	5w
\	54245.847656	59973.566406
463.194326	463.276648	c5t
\	67332.476563	71842.781250
463.412452	463.481369	c5t
\	44136.597656	45747.421875
463.628186	463.660627	c5
\	51224.226563	58634.019531
463.737404	463.757410	5
\	48324.742188	49291.238281
463.872398	463.904352	c5
\	36051.925781	40768.867188
464.146703	464.183813	c5t
\	47036.082031	48646.910156
468.014488	468.027486	5
\	66038.210938	68733.609375
468.642734	468.663315	5
\	57278.167969	62668.964844
468.695810	468.706642	5
\	53908.925781	58288.945313
469.142081	469.164828	5
\	45822.734375	49528.906250
469.200573	469.210863	5
\	56267.398438	61995.113281
469.430208	469.442665	5
\	60310.488281	61995.113281
469.568855	469.598436	c5
\	58956.187500	63466.496094
470.386117	470.398032	5
\	63342.812500	66712.054688
470.776590	470.806391	5w
\	67010.304688	69587.625000
470.845928	470.852968	5
\	68733.609375	70081.304688
470.987458	471.011248	c5
\	49291.238281	53157.218750
471.031253	471.073967	5
\	49613.402344	56056.699219
471.410266	471.473090	5t
\	53908.925781	65701.281250
471.555954	471.627444	5t
\	53235.078125	62668.964844
474.842005	474.876069	5t
\	48324.742188	54768.039063
474.975561	474.984227	5
\	50202.753906	51887.378906
479.826406	479.884980	5t
\	70213.609375	71202.531250
479.968246	479.998524	c5
\	49698.796875	54518.074219
480.106055	480.121762	5
\	62332.035156	66038.210938
480.149924	480.158590	5
\	59636.644531	66375.125000
480.279681	480.300227	c5
\	62500.000000	68621.132813
480.433718	480.491127	c5t
\	74461.320313	75472.093750
480.639523	480.671477	5w
\	57615.093750	57615.093750
480.807931	480.857674	5w
\	59600.515625	72809.281250
481.008347	481.040842	5t
\	50539.679688	55256.621094
481.064672	481.093918	5t
\	61658.187500	67722.828125
481.182197	481.194654	5
\	56267.398438	58288.945313
481.341047	481.372947	5w
\	54123.710938	63144.328125
481.396126	481.431329	5t
\	61995.113281	66375.125000
481.498927	481.566186	5f
\	46069.589844	53801.546875
481.768188	481.808818	5t
\	60240.964844	63554.218750
481.890383	481.914714	5
\	45425.257813	50257.730469
483.078308	483.085349	5
\	62332.035156	64690.507813
483.426010	483.454714	5w
\	61658.187500	66375.125000
483.570834	483.606902	c5
\	49935.566406	54445.878906
483.711412	483.761155	5f
\	58311.855469	62177.835938
483.850076	483.867407	5
\	46833.511719	50202.753906
484.781071	484.795694	5
\	47844.281250	50876.601563
484.896972	484.931634	c5
\	49528.906250	58625.867188
488.199644	488.245602	5w
\	58132.527344	65060.242188
488.651824	488.661031	5
\	62668.964844	63679.738281
489.594252	489.614167	5t
\	57357.593750	57753.164063
490.186663	490.215320	5t
\	45481.925781	50602.410156
490.914426	490.962253	5t
\	53801.546875	61855.671875
492.381222	492.397470	c5
\	49528.906250	55593.546875
492.518245	492.536117	5t
\	56941.246094	61995.113281
492.748962	492.772251	5w
\	55593.546875	59973.566406
493.237478	493.285679	5t
\	54245.847656	61321.265625
493.309509	493.318175	5
\	57615.093750	59973.566406
493.389144	493.469279	5f
\	54445.878906	59278.351563
493.646379	493.663169	5t
\	58962.792969	63342.812500
493.742212	493.766002	5
\	48002.578125	52835.050781
493.844402	493.852602	5
\	60522.148438	60522.148438
494.273000	494.313620	5t
\	53235.078125	58625.867188
494.414825	494.490521	5t
\	60567.011719	71198.453125
494.562432	494.693819	5t
\	49698.796875	62650.605469
494.756641	494.851961	5t
\	47507.359375	58962.792969
494.940241	494.978694	c5
\	39421.171875	44138.113281
494.996025	495.003065	5
\	50539.679688	54919.699219
495.651892	495.662724	5
\	49528.906250	50202.753906
495.790539	495.799746	5
\	55256.621094	56604.320313
496.012050	496.043462	5t
\	51213.527344	58288.945313
496.433408	496.441532	5
\	46159.660156	47844.281250
496.836352	496.844476	5
\	51213.527344	55256.621094
497.381116	497.391660	5
\	73180.375000	74762.656250
497.519982	497.545837	5w
\	62500.000000	69909.796875
497.666508	497.687054	5w
\	61211.339844	63466.496094
497.942823	497.952572	5
\	53572.000000	57615.093750
498.230443	498.239815	5
\	75949.367188	76147.156250
498.797996	498.815327	5
\	54582.773438	56604.320313
498.967514	498.982678	5
\	56604.320313	58288.945313
499.147864	499.193945	c5
\	51546.390625	58956.187500
499.318843	499.340471	5
\	44136.597656	49935.566406
499.848141	499.856807	5
\	51550.453125	59973.566406
500.001953	500.020367	c5
\	45148.886719	48181.207031
500.152515	500.160639	5
\	48181.207031	50876.601563
500.315687	500.335603	5t
\	73971.515625	74367.093750
501.120881	501.144169	5t
\	60310.488281	66712.054688
502.041286	502.049486	5
\	68037.968750	68037.968750
502.740662	502.769950	5t
\	67049.046875	68433.546875
506.284412	506.290370	5
\	45485.812500	48518.132813
506.534627	506.541126	5
\	54919.699219	57278.167969
507.715296	507.742376	c5t
\	46159.660156	50202.753906
507.761331	507.804659	5t
\	49191.980469	59973.566406
508.020754	508.033752	5
\	53908.925781	57278.167969
508.176355	508.193928	5t
\	74762.656250	75158.234375
508.298550	508.329369	c5
\	48324.742188	55734.539063
508.422073	508.438862	5
\	43127.339844	47170.433594
508.600798	508.653332	c5t
\	51213.527344	64353.585938
508.999951	509.008616	5
\	53908.925781	57278.167969
509.295124	509.303324	5
\	66060.125000	66257.906250
509.424798	509.472379	c5t
\	49935.566406	56056.699219
509.481967	509.489549	5
\	56941.246094	57952.019531
509.733265	509.752221	c5
\	54919.699219	57952.019531
509.985489	510.002251	5t
\	60889.175781	66365.976563
510.279189	510.305186	c5
\	41442.714844	46496.582031
510.416956	510.427770	5
\	64110.824219	65721.648438
510.744416	510.770413	5t
\	62668.964844	65701.281250
510.794784	510.867358	c5t
\	33356.527344	47507.359375
511.138695	511.148985	5
\	55256.621094	56604.320313
511.335581	511.343692	5
\	66043.820313	70231.960938
511.627752	511.637500	5
\	50539.679688	52224.300781
511.752859	511.778314	c5
\	42453.492188	46496.582031
512.227835	512.233251	5
\	52561.226563	52561.226563
512.411434	512.439055	5t
\	45485.812500	54245.847656
512.671940	512.696311	5w
\	60310.488281	66375.125000
512.707143	512.762385	5t
\	51887.378906	53908.925781
512.803005	512.850123	5t
\	55930.468750	64353.585938
512.872870	512.891284	5
\	42790.414063	46496.582031
512.951691	512.978725	5w
\	64432.984375	70231.960938
513.194458	513.249068	5t
\	57023.199219	66043.820313
513.268232	513.276897	5
\	48855.058594	51887.378906
513.302894	513.311559	5
\	60984.339844	63005.882813
513.474578	513.518988	5t
\	50202.753906	63679.738281
513.849901	513.888895	c5
\	58625.867188	64353.585938
514.194894	514.216558	c5
\	51550.453125	52898.148438
514.327043	514.338416	5
\	48855.058594	50539.679688
514.552345	514.602171	5t
\	48181.207031	55256.621094
514.665123	514.733778	5t
\	54518.074219	62349.398438
514.809486	514.838143	5w
\	60244.847656	62822.164063
514.921168	514.941207	5t
\	56267.398438	58962.792969
515.640943	515.655025	5
\	59973.566406	61321.265625
515.770925	515.820210	5t
\	58288.945313	64690.507813
516.007600	516.050386	5t
\	53572.000000	63679.738281
516.129458	516.158163	c5
\	57278.167969	57615.093750
516.933180	516.958635	c5
\	42453.492188	46833.511719
516.967842	516.973258	5
\	51213.527344	53572.000000
517.092949	517.112447	5t
\	52561.226563	56267.398438
517.622084	517.630208	5
\	55256.621094	55593.546875
518.201045	518.233541	ct
\	61995.113281	63005.882813
518.611571	518.652732	c5
\	41105.792969	45148.886719
519.278270	519.284228	5
\	59299.714844	60984.339844
519.531735	519.539859	5
\	57952.019531	60647.414063
519.981797	520.009418	5w
\	56941.246094	60647.414063
520.362536	520.372285	5
\	72439.773438	72776.695313
520.644705	520.686408	5w
\	52224.300781	57615.093750
520.777395	520.806641	5w
\	54582.773438	60647.414063
520.837590	520.844619	5
\	74097.937500	74097.937500
520.934456	520.941497	5
\	55930.468750	60647.414063
521.106682	521.124013	5t
\	52898.148438	53235.078125
521.206789	521.248962	5t
\	64675.636719	67049.046875
521.356898	521.414141	5t
\	54919.699219	56267.398438
521.497170	521.546970	c5
\	49935.566406	56378.867188
521.648619	521.724096	5t
\	55120.484375	59638.550781
521.790171	521.850287	c5t
\	51868.558594	60889.175781
521.934776	521.972687	c5
\	56267.398438	59973.566406
522.572741	522.604371	5t
\	78520.562500	78916.140625
522.740263	522.766595	5
\	64690.507813	65027.433594
522.995211	523.048287	5t
\	50202.753906	58288.945313
523.274131	523.280630	5
\	51550.453125	53235.078125
523.668409	523.701446	5t
\	48518.132813	50539.679688
523.942454	523.950578	5
\	49528.906250	53235.078125
524.110889	524.154758	c5t
\	37399.625000	51213.527344
524.501377	524.540913	5t
\	47170.433594	48518.132813
524.851245	524.858285	5
\	55256.621094	56267.398438
525.101437	525.155506	5t
\	46987.949219	53915.660156
526.479104	526.501813	5
\	62500.000000	65721.648438
527.281482	527.309597	5t
\	55412.371094	63466.496094
529.527850	529.551280	5
\	68433.546875	69422.468750
531.135489	531.167930	5t
\	54123.710938	62500.000000
531.534481	531.549104	5
\	54582.773438	56604.320313
532.728148	532.746562	5
\	57952.019531	61658.187500
532.848382	532.866796	c5t
\	55593.546875	58288.945313
532.979767	533.008964	5
\	57667.527344	67010.304688
533.466337	533.478252	5
\	55930.468750	57615.093750
533.958644	533.967309	5
\	58625.867188	59973.566406
534.045298	534.077794	5w
\	55930.468750	60647.414063
535.001749	535.043993	c5
\	49191.980469	54582.773438
535.271461	535.288792	c5
\	52224.300781	55930.468750
535.532508	535.540632	5
\	52224.300781	54582.773438
535.597499	535.605623	5
\	62668.964844	65701.281250
535.694444	535.719899	c5
\	44475.039063	49865.832031
535.825509	535.853130	c5
\	47170.433594	51213.527344
535.955491	535.970114	c5
\	63679.738281	65027.433594
536.086014	536.103345	5t
\	60310.488281	63005.882813
536.213067	536.248753	c5
\	48192.769531	54216.871094
536.664434	536.704512	5t
\	52561.226563	64353.585938
536.938479	536.950936	5
\	63005.882813	65701.281250
537.161073	537.174613	c5
\	60889.175781	61855.671875
537.408039	537.425370	c5
\	54245.847656	58288.945313
537.631716	537.644714	5
\	60310.488281	61321.265625
538.305521	538.330910	5t
\	65721.648438	68621.132813
538.419731	538.427313	5
\	55593.546875	58288.945313
538.531527	538.546464	5t
\	53313.250000	56325.300781
538.565419	538.574626	5
\	62332.035156	65027.433594
538.790516	538.810521	5t
\	58634.019531	66365.976563
538.921992	538.968852	5t
\	75356.015625	76147.156250
539.210454	539.247283	c5
\	59638.550781	63253.015625
540.625091	540.647296	c5
\	59299.714844	59299.714844
540.765100	540.804029	5t
\	56378.867188	62177.835938
541.007996	541.024244	c5
\	59973.566406	65027.433594
541.123896	541.137436	5
\	65027.433594	67722.828125
541.167765	541.175348	5
\	59973.566406	61995.113281
545.456629	545.478832	5w
\	49935.566406	53479.382813
546.129283	546.135782	5
\	57952.019531	59636.644531
547.464194	547.492310	5t
\	55090.207031	61533.507813
548.189496	548.208452	5t
\	54582.773438	57952.019531
548.429963	548.451085	5w
\	67654.640625	71842.781250
548.862153	548.869735	5
\	55593.546875	56604.320313
549.235480	549.245213	5
\	51224.226563	55734.539063
549.385250	549.394983	5
\	48969.070313	51868.558594
549.745347	549.769137	5
\	42847.937500	48646.910156
550.027116	550.037406	5
\	54582.773438	56267.398438
550.133809	550.163055	5t
\	50876.601563	54919.699219
550.268665	550.284372	c5
\	41442.714844	46496.582031
550.394856	550.429314	c5t
\	49698.796875	54216.871094
550.957028	550.990065	5t
\	47844.281250	50202.753906
551.720130	551.772664	5t
\	40095.019531	49528.906250
553.458956	553.481214	5t
\	58346.515625	58544.304688
553.563165	553.616241	5t
\	55930.468750	56941.246094
553.701813	553.726726	5t
\	53235.078125	54919.699219
553.972067	553.981439	5
\	68829.109375	69224.687500
554.332766	554.375058	5t
\	57278.167969	58962.792969
555.647209	555.689453	5t
\	47170.433594	54919.699219
556.938362	556.973566	5t
\	55593.546875	61658.187500
557.041806	557.059679	5
\	56267.398438	58625.867188
557.132252	557.148500	5t
\	57952.019531	60310.488281
557.232446	557.244903	5
\	53572.000000	55593.546875
557.332641	557.352138	5
\	55593.546875	60647.414063
557.520031	557.584481	5w
\	56604.320313	62668.964844
557.607997	557.635032	5t
\	59337.347656	68072.289063
557.719919	557.752374	5w
\	54768.039063	58956.187500
557.844986	557.875637	c5
\	62500.000000	65721.648438
557.976745	558.005401	5w
\	59278.351563	62822.164063
558.097858	558.149360	5w
\	50579.898438	61533.507813
558.251954	558.334679	5w
\	50257.730469	59600.515625
558.439031	558.620003	5t
\	52512.886719	60889.175781
558.815518	558.914629	c5t
\	58132.527344	64156.628906
558.979176	559.029460	5
\	29961.339844	43170.101563
559.137223	559.157262	5t
\	58288.945313	62668.964844
559.859706	559.881369	5t
\	57989.691406	60889.175781
561.540263	561.563010	c5
\	54245.847656	57278.167969
561.918836	561.928584	5
\	48855.058594	49865.832031
563.881562	563.901060	5
\	49528.906250	53572.000000
563.921493	563.929693	5
\	67840.187500	68037.968750
564.139389	564.156962	5t
\	65664.562500	66060.125000
567.326625	567.349913	5t
\	60310.488281	61658.187500
569.863980	569.886727	5t
\	50539.679688	58288.945313
570.334623	570.362785	5t
\	55593.546875	59636.644531
571.125346	571.131845	5
\	51887.378906	53908.925781
574.011486	574.054813	5t
\	45822.734375	52224.300781
576.122067	576.139398	5
\	53908.925781	55930.468750
576.497390	576.519648	5t
\	71993.671875	72191.453125
576.619790	576.641995	5w
\	59636.644531	64353.585938
576.840217	576.872171	5t
\	52561.226563	58625.867188
583.310067	583.321982	5
\	57615.093750	59973.566406
588.962114	588.999483	5w
\	65701.281250	68396.679688
589.091554	589.164127	5t
\	64016.660156	69070.523438
589.990560	590.028048	5t
\	65268.984375	66257.906250
590.107528	590.145917	c5t
\	56056.699219	65399.484375
590.536519	590.587429	5t
\	51887.378906	60984.339844
591.188990	591.207734	5t
\	68235.765625	68631.328125
591.344574	591.357030	5
\	56267.398438	60647.414063
591.455998	591.493306	c5
\	43492.269531	52512.886719
591.595330	591.612120	5
\	60647.414063	66038.210938
591.733436	591.769596	c5
\	60843.375000	67168.671875
591.879355	591.916662	c5
\	49613.402344	58311.855469
592.003713	592.116716	5t
\	44780.929688	64755.156250
592.319980	592.352475	c5
\	42790.414063	45148.886719
592.395802	592.414216	5t
\	50876.601563	59973.566406
592.438965	592.476272	5w
\	53614.457031	60542.171875
592.593483	592.631936	c5
\	41442.714844	42790.414063
592.726173	592.752169	5t
\	51213.527344	59973.566406
592.873135	592.947209	5t
\	54768.039063	71842.781250
593.019715	593.061835	c5
\	60244.847656	64110.824219
593.274865	593.314341	5t
\	62500.000000	67332.476563
593.391653	593.511480	c5t
\	46713.917969	55090.207031
593.585759	593.717686	5f
\	39156.625000	44879.519531
593.806106	593.821812	5
\	59973.566406	64016.660156
593.936123	593.972890	5
\	39626.289063	47358.250000
594.092066	594.102898	5
\	54245.847656	58625.867188
595.025228	595.055557	5t
\	42116.566406	51887.378906
595.198537	595.220742	5t
\	59973.566406	67385.906250
595.295948	595.369680	c5t
\	43814.433594	44458.761719
595.446799	595.507356	c5t
\	46069.589844	56056.699219
595.538715	595.567912	5t
\	55090.207031	60567.011719
595.582511	595.615493	5
\	44780.929688	49613.402344
595.860362	595.866319	5
\	66375.125000	68396.679688
595.979194	595.986223	5
\	52215.187500	52215.187500
596.169696	596.199433	5w
\	65721.648438	69909.796875
596.221603	596.229727	5
\	61658.187500	63005.882813
596.299460	596.370290	5f
\	53479.382813	56701.031250
596.533560	596.549808	c5
\	45822.734375	49191.980469
596.631046	596.681956	5w
\	59299.714844	63342.812500
596.758320	596.780525	c5
\	50202.753906	54582.773438
596.873668	596.907191	5
\	55734.539063	60567.011719
597.002351	597.046688	5
\	48646.910156	57023.199219
597.249985	597.278101	c5
\	52190.722656	57989.691406
597.358123	597.392186	5
\	51224.226563	57345.359375
597.471596	597.490010	5
\	46496.582031	51887.378906
597.760806	597.797634	c5
\	34367.304688	44811.960938
597.974193	598.033768	c5t
\	42790.414063	50539.679688
598.256362	598.294815	5t
\	48181.207031	54245.847656
598.820158	598.845613	c5
\	38073.472656	45485.812500
598.950140	599.016214	5t
\	48518.132813	57952.019531
599.094805	599.131031	c5
\	67332.476563	70876.289063
599.246391	599.407785	c5t
\	37399.625000	43464.261719
599.621172	599.645002	c5
\	46159.660156	51213.527344
599.896642	599.923135	c5
\	45747.421875	49291.238281
599.934211	599.939086	5
\	62668.964844	62668.964844
600.034947	600.066901	c5
\	46713.917969	49935.566406
600.175761	600.194717	5t
\	53572.000000	55930.468750
601.374303	601.406257	c5
\	50202.753906	50876.601563
601.693340	601.734973	c5
\	40914.949219	43814.433594
602.123726	602.143190	5w
\	50579.898438	54445.878906
604.903853	604.910352	5
\	49865.832031	53235.078125
604.923892	604.942848	5t
\	60310.488281	64016.660156
605.284574	605.315933	5t
\	54123.710938	62822.164063
605.646833	605.688466	5t
\	56378.867188	60889.175781
606.760428	606.770718	5
\	47507.359375	48855.058594
607.980973	608.024228	5t
\	49291.238281	55412.371094
608.726404	608.736695	5
\	62332.035156	63679.738281
608.829309	608.857424	5t
\	59600.515625	63466.496094
610.173453	610.216167	5t
\	55412.371094	61855.671875
610.315113	610.339444	5t
\	57023.199219	64110.824219
611.192270	611.204185	5
\	59636.644531	64016.660156
612.221841	612.228869	5
\	60719.937500	61313.289063
613.033680	613.070508	5t
\	58311.855469	61855.671875
613.165287	613.202656	c5t
\	57023.199219	60244.847656
613.319162	613.342411	c5
\	46069.589844	56701.031250
613.569855	613.600726	5t
\	49191.980469	55593.546875
613.703628	613.742623	5
\	37399.625000	39758.093750
613.875528	613.908509	c5
\	54123.710938	60244.847656
614.371877	614.396208	c5
\	61211.339844	64755.156250
614.470282	614.522188	c5
\	50902.062500	57023.199219
614.651413	614.661703	5
\	60310.488281	63679.738281
614.794152	614.824431	c5
\	49613.402344	52512.886719
614.980689	615.032054	5t
\	52835.050781	66043.820313
615.112616	615.176958	c5
\	44136.597656	53801.546875
615.725389	615.769799	5w
\	47844.281250	60310.488281
617.154648	617.179561	5w
\	66712.054688	70418.226563
617.444941	617.474729	5t
\	52224.300781	64353.585938
617.663202	617.689740	5t
\	56267.398438	58625.867188
617.980413	617.997174	5
\	65077.320313	67332.476563
618.241622	618.249204	5
\	47170.433594	52561.226563
618.261661	618.269243	5
\	53572.000000	53572.000000
618.450676	618.482630	5t
\	49191.980469	58625.867188
618.730884	618.765488	c5
\	48646.910156	53801.546875
620.356185	620.356185	end
\	87951.031250	87951.031250
