22.571383	22.602415	sk
\	22427.441406	28693.931641
27.665124	27.677972	5
\	58757.484375	61002.996094
28.712853	28.720188	5
\	64973.613281	67282.320313
29.500714	29.527527	5w
\	55389.222656	57634.730469
29.638691	29.682821	5w
\	52395.210938	59505.988281
29.967153	29.986704	5
\	61002.996094	64745.507813
30.186686	30.204003	5t
\	62500.000000	66616.765625
30.311256	30.324663	5
\	62500.000000	65494.007813
30.525762	30.550341	c5
\	47529.941406	50898.203125
30.842197	30.865329	5t
\	57387.863281	65633.242188
30.973659	31.005255	5w
\	54419.523438	62005.277344
31.612913	31.634917	5t
\	63984.171875	72889.179688
31.759172	31.780399	c5
\	47529.941406	50523.953125
31.990994	31.996580	5
\	62500.000000	63622.757813
32.125619	32.140143	5
\	61377.246094	64371.257813
32.247396	32.287057	5t
\	49401.199219	56886.226563
32.387939	32.396551	5
\	75495.046875	75701.320313
32.709038	32.715190	5
\	75495.046875	76320.132813
33.411627	33.418962	5
\	61015.828125	63654.355469
33.520521	33.535755	5
\	60686.015625	63984.171875
36.325793	36.339898	5
\	60686.015625	64313.984375
36.470482	36.509026	5w
\	45658.679688	51272.457031
36.653601	36.690275	5t
\	60026.386719	63324.539063
36.799667	36.825503	5t
\	74463.695313	74876.234375
36.948093	37.034119	5t
\	50149.703125	56886.226563
37.326272	37.343030	5t
\	62874.250000	69985.031250
39.051816	39.071925	5
\	57634.730469	61002.996094
39.411519	39.453348	5t
\	69306.929688	70957.093750
39.544634	39.596460	5t
\	50131.925781	61345.648438
39.802028	39.823255	5t
\	53517.964844	60254.492188
40.290252	40.325445	5t
\	54266.468750	61002.996094
40.556709	40.577936	5
\	61002.996094	66616.765625
40.672900	40.683513	5
\	63622.757813	65119.757813
41.556620	41.564999	5
\	64745.507813	66616.765625
41.890109	41.903516	5
\	65494.007813	69236.523438
42.430843	42.448160	c5
\	41916.167969	47155.687500
46.744424	46.839387	5t
\	54266.468750	63248.500000
46.922620	46.949433	c5
\	39670.656250	45658.679688
47.086293	47.092996	5
\	63622.757813	65494.007813
47.392244	47.424230	5t
\	81064.359375	81683.164063
47.539883	47.589600	5t
\	61751.496094	71856.289063
47.701880	47.720314	5
\	58008.984375	62125.750000
47.860021	47.925470	5t
\	40567.281250	62005.277344
48.025900	48.059188	5w
\	63654.355469	72559.367188
48.162389	48.211600	5t
\	77351.484375	77351.484375
48.456561	48.477788	c5
\	43413.171875	52769.460938
48.597903	48.605284	5
\	76526.406250	76732.671875
48.834181	48.862112	5w
\	56137.726563	65119.757813
49.926588	50.000404	5t
\	67244.226563	67450.492188
51.039012	51.049067	5
\	63997.007813	69610.781250
51.475286	51.483106	5
\	66616.765625	68862.273438
51.663537	51.673033	5
\	53517.964844	59505.988281
52.858957	52.889989	5t
\	59036.941406	61015.828125
53.318227	53.345874	5w
\	57717.675781	61015.828125
53.928143	53.946762	5
\	57387.863281	60026.386719
55.083343	55.102336	5t
\	44161.675781	50898.203125
55.312160	55.323444	5
\	56728.234375	57387.863281
55.568313	55.588061	5t
\	49472.292969	52770.445313
55.929077	55.940250	5
\	53517.964844	59505.988281
56.811680	56.846873	5t
\	49775.449219	62500.000000
57.249630	57.276443	5w
\	52769.460938	55389.222656
57.567760	57.591135	5
\	74876.234375	76113.867188
57.699398	57.726464	5t
\	79207.921875	80239.273438
58.045648	58.057379	5
\	54266.468750	55389.222656
58.358352	58.387691	5t
\	55738.789063	57387.863281
58.572189	58.602656	5w
\	57717.675781	63324.539063
58.804081	58.830599	5w
\	56068.601563	65963.062500
59.032152	59.052262	5
\	40793.410156	44161.675781
60.044787	60.078640	5w
\	54419.523438	61015.828125
60.179070	60.194868	c5
\	52110.816406	53759.894531
61.953523	61.969886	5
\	57058.046875	58377.308594
62.194998	62.214190	c5
\	51121.371094	57387.863281
62.432541	62.460896	c5
\	51451.187500	58047.492188
62.811147	62.830831	5t
\	68069.312500	68275.578125
63.230904	63.256858	5t
\	55408.968750	59366.753906
63.465053	63.491530	c5
\	45184.699219	50131.925781
63.825578	63.861329	5w
\	63248.500000	66991.015625
63.998747	64.023326	5w
\	56886.226563	63997.007813
64.758456	64.802586	5t
\	52769.460938	58008.984375
66.282953	66.292795	5
\	73226.070313	73432.343750
66.345465	66.377305	5t
\	29191.617188	40419.160156
66.387919	66.423111	c5
\	53143.714844	64371.257813
67.785559	67.815724	5t
\	60254.492188	66242.515625
68.216806	68.227978	5
\	62874.250000	63248.500000
68.311769	68.322383	5
\	36302.394531	41167.664063
68.948085	68.989273	5t
\	46833.773438	53430.082031
69.070361	69.092146	5
\	60254.492188	67365.265625
69.784814	69.803433	5t
\	56068.601563	59696.570313
70.013321	70.045481	5w
\	55079.156250	62664.910156
70.454594	70.477497	5t
\	50149.703125	54266.468750
70.589384	70.635025	5t
\	54749.339844	57058.046875
70.729309	70.764854	5w
\	48812.664063	58377.308594
70.876760	70.913668	5t
\	58993.398438	60643.566406
71.000131	71.047525	5w
\	54419.523438	62664.910156
71.142878	71.182937	5w
\	53100.265625	60686.015625
71.292508	71.316656	5t
\	58707.125000	63324.539063
71.807546	71.833242	5t
\	57634.730469	65119.757813
72.044955	72.062272	5
\	60254.492188	63248.500000
72.272868	72.299681	5t
\	62500.000000	65868.265625
72.398555	72.438216	5t
\	61751.496094	68113.773438
72.529828	72.542676	5
\	62125.750000	66991.015625
73.102308	73.133065	5t
\	70544.554688	71163.367188
73.175580	73.187311	5
\	53143.714844	56511.976563
73.230324	73.247641	5
\	54266.468750	59880.238281
73.423044	73.454326	5t
\	47155.687500	54640.718750
73.723576	73.776644	5t
\	48278.445313	59880.238281
73.988209	74.005674	5t
\	50131.925781	59036.941406
74.176049	74.187222	5
\	50149.703125	54266.468750
74.270454	74.283861	5
\	58008.984375	62874.250000
74.544173	74.553669	5
\	60628.742188	63622.757813
74.900007	74.939668	5t
\	47904.195313	60628.742188
75.016771	75.042725	5t
\	54419.523438	58377.308594
75.321757	75.392700	5t
\	47155.687500	60254.492188
75.412810	75.422865	5
\	55763.472656	59880.238281
75.618378	75.645192	5t
\	59505.988281	63248.500000
76.144752	76.155824	5
\	75907.585938	76113.867188
78.132120	78.143292	5
\	59131.738281	61751.496094
78.349419	78.388522	5t
\	74101.796875	77095.804688
80.213498	80.228022	5
\	48278.445313	54266.468750
80.500065	80.511237	5
\	62500.000000	63997.007813
80.737329	80.766855	c5t
\	73638.609375	73844.890625
80.866506	80.945243	5t
\	76526.406250	76938.945313
81.262567	81.275415	5
\	74476.046875	79341.312500
81.369685	81.411514	5t
\	76113.867188	76320.132813
81.688323	81.710468	5
\	71988.445313	72400.984375
82.040179	82.059863	5
\	79620.468750	80033.007813
82.984200	82.993697	5
\	62125.750000	64371.257813
83.068106	83.079390	5
\	54749.339844	56398.417969
83.184898	83.207467	c5
\	46833.773438	60356.199219
83.297022	83.310428	5
\	56137.726563	59131.738281
84.529314	84.556502	c5
\	55738.789063	59366.753906
84.664831	84.706393	c5
\	49472.292969	52770.445313
84.794094	84.890734	c5t
\	47904.195313	65494.007813
85.106611	85.129744	c5
\	48482.851563	52770.445313
85.338738	85.359966	5
\	59505.988281	64371.257813
85.540396	85.554362	5
\	68488.023438	68862.273438
85.682283	85.688428	5
\	61377.246094	62500.000000
85.793446	85.814674	5t
\	69610.781250	78218.562500
86.072751	86.089509	5t
\	74476.046875	76721.554688
86.161691	86.187825	5
\	47823.218750	50461.742188
86.288075	86.328134	c5
\	45844.328125	54089.710938
86.428026	86.456516	5t
\	61751.496094	68113.773438
86.564540	86.594443	c5
\	39907.652344	42546.175781
86.831413	86.845519	5
\	51121.371094	55408.968750
87.123676	87.154219	5t
\	54089.710938	59366.753906
87.808068	87.852480	c5
\	41556.726563	46503.957031
87.953588	87.978167	c5
\	40419.160156	48652.695313
88.094124	88.128541	c5
\	47163.585938	48482.851563
88.438295	88.473095	c5
\	42875.992188	47163.585938
89.048463	89.078069	5w
\	54640.718750	61377.246094
89.559031	89.571879	5
\	62125.750000	66242.515625
89.656433	89.685208	5w
\	56068.601563	62005.277344
89.779124	89.798675	c5
\	52020.960938	53517.964844
90.187467	90.220983	5w
\	57260.480469	68488.023438
90.328412	90.356623	5w
\	54749.339844	58707.125000
91.014209	91.045491	5w
\	61751.496094	66991.015625
91.251059	91.262790	5
\	58008.984375	61377.246094
91.385125	91.402442	5
\	60628.742188	63622.757813
91.492937	91.520867	5t
\	59131.738281	64371.257813
91.606334	91.620300	5
\	62500.000000	66616.765625
91.716939	91.727553	5
\	64371.257813	67365.265625
93.554223	93.570216	5
\	79620.468750	80033.007813
93.950259	94.017851	5t
\	59131.738281	68488.023438
94.097173	94.134600	5t
\	67365.265625	69610.781250
95.762547	95.788383	c5
\	65800.328125	66212.867188
96.662866	96.669010	5
\	53143.714844	56137.726563
96.688003	96.698058	5
\	34431.136719	37799.398438
96.789227	96.818566	5w
\	54089.710938	63324.539063
97.236649	97.269373	5t
\	48153.035156	54749.339844
97.527783	97.552609	5w
\	47493.402344	52110.816406
99.220737	99.245316	5
\	53517.964844	58757.484375
99.500276	99.533564	c5
\	42216.359375	46503.957031
99.805043	99.813422	5
\	61751.496094	63248.500000
99.904847	99.922071	5t
\	66831.687500	67656.765625
100.039664	100.079723	5w
\	56068.601563	59696.570313
100.310487	100.333056	5w
\	53430.082031	60686.015625
100.937329	100.989801	c5
\	40567.281250	50791.558594
101.952337	101.958481	5
\	57634.730469	61751.496094
102.058986	102.075913	5
\	62994.726563	63984.171875
102.207063	102.240021	ct
\	42290.417969	59880.238281
102.401459	102.412072	c5
\	40419.160156	44535.925781
102.536876	102.574678	c5
\	44525.066406	53430.082031
102.761433	102.798107	5w
\	55079.156250	64973.613281
103.003883	103.012495	5
\	75495.046875	76320.132813
103.105306	103.136030	5w
\	53892.214844	60628.742188
103.368411	103.418686	5t
\	55763.472656	62500.000000
103.520912	103.539346	5
\	66242.515625	71856.289063
103.711397	103.726480	5
\	61002.996094	62874.250000
103.962644	103.972800	5
\	60356.199219	62994.726563
104.586665	104.628981	5w
\	50791.558594	61345.648438
104.778900	104.788955	5
\	60628.742188	63997.007813
105.040293	105.078096	5w
\	50461.742188	59036.941406
105.305668	105.347005	5t
\	53892.214844	61377.246094
105.839643	105.850715	5
\	80239.273438	80239.273438
106.715598	106.734032	c5
\	49401.199219	52769.460938
108.181273	108.234309	5t
\	43535.621094	54419.523438
108.365771	108.402445	5w
\	56068.601563	61015.828125
108.491591	108.541241	c5
\	35949.867188	41556.726563
109.953297	109.994076	5t
\	44535.925781	50523.953125
110.248802	110.278967	5t
\	45284.429688	52769.460938
110.391864	110.429102	c5
\	43205.804688	49142.480469
111.573264	111.586671	5
\	62125.750000	67739.523438
112.634614	112.664518	5t
\	49472.292969	57058.046875
112.871834	112.930886	5t
\	74257.429688	75907.585938
113.009449	113.020621	5
\	55763.472656	60628.742188
113.032910	113.045758	5
\	65868.265625	67365.265625
113.143515	113.156363	5
\	61751.496094	65868.265625
113.264733	113.354669	5w
\	56511.976563	69236.523438
113.398241	113.422261	5w
\	67365.265625	69985.031250
113.478122	113.488177	5
\	57260.480469	59505.988281
113.715084	113.740668	5w
\	60686.015625	63654.355469
114.287197	114.315972	5w
\	56728.234375	59696.570313
115.361461	115.393621	c5
\	43865.433594	48812.664063
115.580727	115.601396	c5
\	47155.687500	53517.964844
116.039764	116.075442	5t
\	68688.117188	68894.382813
116.200447	116.236534	5t
\	48812.664063	52770.445313
116.344346	116.385125	c5t
\	51121.371094	53430.082031
116.501874	116.532039	5w
\	49775.449219	53892.214844
116.643761	116.662753	5
\	51646.707031	56511.976563
116.781737	116.801847	5
\	65868.265625	70733.531250
117.080593	117.088972	5
\	59880.238281	61377.246094
117.225273	117.234211	5
\	55014.972656	57634.730469
117.304595	117.321912	5
\	54640.718750	61002.996094
117.504910	117.516194	5
\	70250.664063	70250.664063
117.588414	117.610418	5
\	54749.339844	63984.171875
118.748600	118.758655	5
\	41541.914063	42664.667969
118.865350	118.878756	5
\	55014.972656	58383.234375
118.894956	118.901101	5
\	52769.460938	55389.222656
119.289519	119.324526	5
\	39907.652344	43535.621094
119.445745	119.453007	5
\	53143.714844	54640.718750
119.582346	119.613378	5t
\	49472.292969	54419.523438
119.708291	119.725049	5
\	60628.742188	67739.523438
119.825040	119.849061	5t
\	51646.707031	61751.496094
120.306562	120.335051	5t
\	53892.214844	61002.996094
120.795903	120.808751	5
\	52020.960938	55763.472656
120.932204	120.974658	5w
\	54640.718750	62125.750000
121.179109	121.202012	5
\	60628.742188	64745.507813
121.240007	121.265961	5t
\	60686.015625	65963.062500
121.376547	121.398643	5w
\	55738.789063	59366.753906
121.517626	121.555053	5t
\	44161.675781	53892.214844
121.614266	121.680182	c5t
\	51272.457031	59880.238281
121.829889	121.853308	5w
\	57387.863281	62005.277344
121.930439	121.946080	5
\	53517.964844	60628.742188
122.095787	122.106401	5
\	59505.988281	62874.250000
122.122042	122.129304	5
\	60628.742188	64745.507813
122.207080	122.224303	5t
\	70957.093750	71369.640625
122.643224	122.671155	5t
\	60628.742188	65119.757813
122.899925	122.950459	c5
\	55738.789063	63324.539063
123.477786	123.506275	5t
\	53892.214844	60628.742188
123.614220	123.680562	5w
\	55738.789063	66952.507813
123.762608	123.833699	c5
\	48812.664063	56398.417969
123.928220	123.936831	5
\	69925.742188	70132.007813
123.947670	123.966289	5
\	42875.992188	46833.773438
124.041330	124.084774	c5
\	53430.082031	59366.753906
124.347134	124.361803	5
\	54749.339844	60686.015625
125.047323	125.089639	5t
\	55408.968750	61345.648438
125.339073	125.346893	5
\	52395.210938	56511.976563
125.643698	125.669211	5t
\	55079.156250	57058.046875
125.770319	125.788194	c5
\	60628.742188	62500.000000
125.890420	125.895447	5
\	62874.250000	63622.757813
126.313287	126.342335	5t
\	57260.480469	65494.007813
126.711575	126.727775	5
\	56886.226563	59505.988281
126.856255	126.903178	5w
\	56511.976563	65868.265625
127.956716	127.978501	5t
\	51646.707031	58757.484375
128.101954	128.114802	5
\	46781.437500	51646.707031
128.405279	128.423154	5t
\	54266.468750	60628.742188
128.535993	128.582917	5t
\	50523.953125	56137.726563
129.361067	129.389363	5t
\	58993.398438	60849.835938
129.898441	129.930841	5t
\	47155.687500	56886.226563
130.050383	130.077196	5t
\	41916.167969	46407.183594
131.303902	131.368701	5t
\	59131.738281	61377.246094
132.034550	132.084765	5w
\	51121.371094	56728.234375
132.181246	132.244042	5t
\	51451.187500	61675.460938
132.511875	132.545164	5t
\	57058.046875	61675.460938
132.846781	132.885884	c5
\	53517.964844	56511.976563
133.005426	133.025536	5t
\	66242.515625	71482.031250
133.253817	133.295344	5t
\	56068.601563	61675.460938
133.384714	133.414887	5
\	58377.308594	64973.613281
133.518433	133.558449	5w
\	56398.417969	62664.910156
133.658922	133.707039	c5t
\	49802.109375	52770.445313
134.490574	134.514788	5w
\	48153.035156	54089.710938
135.807969	135.840927	5w
\	56728.234375	58377.308594
136.121370	136.137363	c5
\	62500.000000	62706.269531
136.244715	136.289490	c5
\	45184.699219	55079.156250
136.683110	136.692137	5
\	49142.480469	53100.265625
136.931928	136.958145	5t
\	54089.710938	56398.417969
137.729163	137.810025	5t
\	43865.433594	59036.941406
137.887142	137.912809	5t
\	54419.523438	58377.308594
138.144988	138.174327	5w
\	52440.632813	59366.753906
138.655200	138.695979	c5t
\	50523.953125	63248.500000
138.721116	138.728937	5
\	59880.238281	63622.757813
138.814963	138.841776	5t
\	52020.960938	58008.984375
139.081019	139.120522	c5
\	54749.339844	63984.171875
139.219816	139.253105	5w
\	53759.894531	58707.125000
139.609864	139.627180	5
\	51646.707031	57260.480469
139.750177	139.775567	5t
\	48812.664063	56068.601563
139.899130	139.969049	5t
\	56398.417969	61675.460938
140.012621	140.045020	5t
\	60628.742188	61751.496094
140.076861	140.128253	ct
\	45658.679688	51646.707031
140.356143	140.427668	5w
\	54749.339844	63654.355469
140.713291	140.749400	5w
\	53100.265625	63324.539063
141.159584	141.211396	5t
\	54419.523438	61015.828125
141.595161	141.618623	5t
\	55014.972656	61377.246094
141.731697	141.750316	5t
\	60356.199219	63654.355469
142.062891	142.078689	5
\	44854.882813	49142.480469
142.166060	142.204604	c5t
\	47904.195313	54640.718750
142.336435	142.363249	c5t
\	64313.984375	67612.132813
142.429066	142.449377	5
\	49472.292969	56728.234375
143.113461	143.150329	5t
\	51272.457031	58008.984375
143.428517	143.460916	5t
\	50149.703125	56137.726563
144.710183	144.737265	5w
\	52770.445313	58707.125000
145.711099	145.760710	5t
\	58047.492188	60356.199219
145.853439	145.919914	5t
\	46781.437500	56137.726563
146.021981	146.088614	5t
\	41556.726563	55408.968750
146.190839	146.210949	5
\	47155.687500	53143.714844
146.362090	146.381774	c5
\	65387.785156	66831.687500
146.499880	146.536788	c5t
\	66419.140625	67244.226563
146.824861	146.902508	5t
\	52440.632813	61675.460938
147.098021	147.132096	5t
\	47529.941406	55014.972656
147.880632	147.899625	5
\	55014.972656	58383.234375
148.140604	148.202391	5w
\	52110.816406	59366.753906
148.421925	148.452648	5t
\	59505.988281	65119.757813
148.675533	148.710167	5w
\	59505.988281	67365.265625
149.067608	149.082278	5
\	57717.675781	65303.429688
149.119628	149.131359	5
\	37425.148438	44535.925781
150.517074	150.524973	5
\	64973.613281	65633.242188
150.736910	150.749213	5
\	76113.867188	76320.132813
150.909412	150.922819	5
\	52395.210938	56511.976563
151.155764	151.189053	5t
\	53759.894531	58707.125000
151.290942	151.336189	5t
\	43413.171875	55763.472656
151.546765	151.591474	c5
\	44195.250000	53759.894531
151.811566	151.856255	5t
\	50523.953125	53143.714844
152.070202	152.122711	5t
\	50898.203125	58757.484375
152.331631	152.386933	5t
\	43413.171875	52769.460938
152.838815	152.857998	c5
\	37598.945313	41886.542969
152.874041	152.881861	5
\	58383.234375	59131.738281
152.973662	152.996230	c5
\	40897.097656	45184.699219
153.779354	153.803959	5t
\	69513.203125	69513.203125
153.921433	153.949364	5t
\	53143.714844	59880.238281
154.108009	154.168897	5t
\	49401.199219	60254.492188
154.264584	154.325519	5t
\	41226.914063	54749.339844
154.419742	154.480601	5w
\	55738.789063	65303.429688
154.563834	154.597909	5w
\	52395.210938	60254.492188
154.880440	154.887822	5
\	75495.046875	75495.046875
154.985025	155.019659	5t
\	64371.257813	70733.531250
155.096747	155.117974	5t
\	68113.773438	72979.039063
155.691185	155.724402	5t
\	90552.804688	90965.343750
155.800374	155.822379	c5
\	58377.308594	62335.093750
155.932400	155.994991	5w
\	59696.570313	65303.429688
156.088278	156.103361	5
\	49775.449219	55389.222656
156.269268	156.324570	5t
\	53517.964844	67365.265625
156.336301	156.370935	5t
\	53517.964844	60628.742188
157.253537	157.299902	5w
\	64745.507813	70359.281250
157.397659	157.423913	5
\	58008.984375	69610.781250
157.468043	157.487036	5
\	72230.539063	82335.328125
157.575296	157.619985	c5
\	47155.687500	53517.964844
157.654382	157.677522	5t
\	60356.199219	64313.984375
157.784715	157.808412	c5
\	47823.218750	50461.742188
157.914372	157.946213	c5t
\	46407.183594	56511.976563
158.280659	158.287994	5
\	52440.632813	53759.894531
159.771877	159.802344	5w
\	52440.632813	60356.199219
159.928728	159.956375	5w
\	59696.570313	65963.062500
160.077866	160.086245	5
\	57260.480469	60628.742188
160.324771	160.353260	5t
\	67365.265625	78592.812500
160.483975	160.492354	5
\	66616.765625	69610.781250
160.611012	160.619624	5
\	70750.828125	70750.828125
161.766230	161.794526	5
\	57549.507813	57755.777344
161.988674	161.998266	5
\	57717.675781	61015.828125
162.094445	162.123493	c5
\	45658.679688	52020.960938
162.243134	162.265703	5w
\	53100.265625	60356.199219
162.859740	162.869795	5
\	56137.726563	59505.988281
162.978724	163.001068	5
\	56137.726563	61751.496094
163.102735	163.127873	5
\	61751.496094	66616.765625
163.214457	163.232332	5
\	55389.222656	62874.250000
163.520515	163.558882	5t
\	51121.371094	57387.863281
163.649156	163.670032	c5
\	48482.851563	50461.742188
163.755228	163.781182	5
\	50461.742188	59036.941406
167.928002	167.949229	5t
\	47529.941406	53892.214844
168.415668	168.458122	5t
\	54266.468750	65494.007813
168.679124	168.710720	5t
\	54749.339844	60686.015625
168.836540	168.850081	5
\	58377.308594	61675.460938
169.019909	169.041914	5
\	44195.250000	46503.957031
169.858331	169.908830	5t
\	51451.187500	60356.199219
170.235226	170.265223	5t
\	62005.277344	64973.613281
170.620020	170.663465	5t
\	57058.046875	66952.507813
171.032194	171.040573	5
\	56511.976563	57260.480469
173.472758	173.493426	5t
\	54266.468750	61002.996094
173.595093	173.624460	5t
\	43535.621094	52770.445313
173.883894	173.895625	5
\	49401.199219	53892.214844
174.579110	174.609578	5t
\	64313.984375	65633.242188
174.947282	174.958355	5
\	69100.664063	69513.203125
175.069822	175.094959	5t
\	49775.449219	57634.730469
175.357726	175.393835	5t
\	52440.632813	60686.015625
175.506654	175.518385	5
\	44910.179688	49026.949219
175.766407	175.785959	5t
\	60254.492188	63997.007813
175.924494	176.084256	c5t
\	48482.851563	69591.031250
176.164696	176.175309	5
\	62125.750000	67365.265625
176.524440	176.566336	5t
\	54266.468750	61002.996094
176.666138	176.715789	5t
\	47823.218750	59696.570313
176.816219	176.842737	5w
\	56068.601563	62664.910156
177.158697	177.202592	5w
\	55408.968750	62994.726563
177.399616	177.432905	5t
\	50791.558594	59036.941406
177.639407	177.660847	c5
\	39907.652344	43205.804688
177.769177	177.800773	c5
\	48812.664063	52440.632813
177.900074	177.941262	5w
\	56068.601563	64313.984375
179.520262	179.575005	5t
\	53143.714844	55014.972656
179.700692	179.718568	5
\	47155.687500	52769.460938
179.967919	179.991052	5w
\	43535.621094	52770.445313
180.095431	180.114614	5
\	51451.187500	57717.675781
180.248333	180.272594	5w
\	50461.742188	55079.156250
180.377727	180.403981	5t
\	57634.730469	60254.492188
180.508441	180.541958	5
\	49026.949219	58008.984375
180.745292	180.760933	5
\	61751.496094	63997.007813
181.232322	181.253763	c5
\	51451.187500	52770.445313
181.463086	181.480577	5
\	57058.046875	62994.726563
181.578737	181.616164	5w
\	55763.472656	61002.996094
181.729003	181.736823	5
\	63997.007813	64745.507813
181.830670	181.837931	5
\	57634.730469	59505.988281
181.947977	181.984287	5w
\	38173.652344	49401.199219
182.086542	182.143528	5w
\	59036.941406	70250.664063
182.170304	182.177566	5
\	46032.933594	49775.449219
182.268061	182.289846	c5
\	47155.687500	54266.468750
182.384447	182.426764	c5
\	41556.726563	50461.742188
182.531143	182.570268	5w
\	52770.445313	61015.828125
182.911988	182.942455	ct
\	56728.234375	61015.828125
183.062962	183.105975	ct
\	42290.417969	57260.480469
183.134288	183.152907	5
\	57387.863281	58377.308594
183.200938	183.238924	5w
\	48652.695313	58383.234375
183.372951	183.392134	5t
\	52440.632813	57058.046875
183.422147	183.429409	5
\	59880.238281	63622.757813
183.534880	183.581351	5w
\	54749.339844	59696.570313
183.686654	183.714300	5w
\	58047.492188	60356.199219
183.732734	183.742230	5
\	43413.171875	47904.195313
183.831092	183.901434	5t
\	55079.156250	62664.910156
183.981737	184.026875	5w
\	51451.187500	65963.062500
184.279642	184.339449	5t
\	46503.957031	59036.941406
184.442700	184.488966	5t
\	49142.480469	60026.386719
184.582379	184.689632	5t
\	37050.898438	61751.496094
184.777843	184.855705	5w
\	48482.851563	60356.199219
184.975081	185.035970	5t
\	45284.429688	59505.988281
185.146016	185.199642	5t
\	49775.449219	58383.234375
185.292971	185.366108	5w
\	47163.585938	62005.277344
185.603853	185.652674	5w
\	47493.402344	54749.339844
185.907964	185.938996	5w
\	58707.125000	65633.242188
186.058609	186.114467	5w
\	53759.894531	59696.570313
186.335295	186.358198	c5
\	40793.410156	45284.429688
186.786092	186.845864	5t
\	44535.925781	52769.460938
186.926303	186.940269	5
\	44535.925781	48652.695313
187.086624	187.093886	5
\	69236.523438	72230.539063
187.196112	187.209518	5
\	63622.757813	66242.515625
187.236331	187.248621	5
\	50523.953125	55014.972656
187.330736	187.363136	5
\	48278.445313	61751.496094
187.570938	187.579318	5
\	63997.007813	65868.265625
187.784540	187.795260	5
\	49472.292969	54089.710938
188.456893	188.464713	5
\	37799.398438	43038.921875
189.066335	189.074156	5
\	67365.265625	71107.781250
193.810604	193.822335	c5
\	64371.257813	66242.515625
193.947485	193.983163	5
\	87046.203125	88696.367188
194.917768	194.926147	5
\	62125.750000	65119.757813
195.113281	195.125570	5
\	63248.500000	66616.765625
195.225561	195.235616	5
\	63622.757813	67365.265625
195.597595	195.635022	5t
\	44910.179688	49401.199219
196.010781	196.039556	5t
\	50461.742188	55079.156250
196.422661	196.436626	5
\	55014.972656	57634.730469
200.122889	200.164226	5t
\	63997.007813	68488.023438
201.229420	201.260176	5t
\	69719.468750	70957.093750
201.388124	201.406578	5
\	76732.671875	76938.945313
201.522764	201.541198	5
\	61002.996094	66616.765625
201.932224	201.943955	5
\	63248.500000	64745.507813
202.086400	202.103717	5
\	59505.988281	62500.000000
202.261612	202.270224	5
\	77557.757813	77557.757813
202.410661	202.449592	ct
\	50131.925781	61015.828125
203.047208	203.056705	5
\	60628.742188	64745.507813
203.175171	203.205853	5w
\	61015.828125	64973.613281
204.191799	204.200178	5
\	62500.000000	67739.523438
204.273696	204.295141	5
\	52110.816406	59696.570313
204.659397	204.670469	5
\	63531.355469	64150.160156
206.189385	206.231840	5t
\	49401.199219	59131.738281
206.339283	206.381599	5w
\	45844.328125	54749.339844
206.525708	206.541701	5t
\	63737.625000	64356.437500
207.147802	207.187861	5t
\	42875.992188	54749.339844
208.399229	208.416002	5
\	59366.753906	62664.910156
210.234834	210.258854	5
\	54640.718750	62125.750000
210.359962	210.366666	5
\	47155.687500	50523.953125
210.572581	210.598488	5w
\	52110.816406	57058.046875
210.749744	210.757079	5
\	62005.277344	63654.355469
210.790932	210.798267	5
\	63654.355469	65303.429688
210.877793	210.942592	ct
\	61751.496094	66242.515625
211.007949	211.030293	5t
\	64313.984375	65633.242188
211.134278	211.160114	c5t
\	76526.406250	76732.671875
211.275759	211.286831	c5
\	81476.898438	81889.437500
211.377871	211.385252	5
\	77557.757813	77557.757813
212.364543	212.378075	5t
\	72813.531250	73019.804688
212.454747	212.463126	5
\	64745.507813	68113.773438
212.556973	212.585462	5w
\	56511.976563	63622.757813
212.651710	212.731817	5t
\	59036.941406	62994.726563
212.842422	212.860856	5
\	62125.750000	65868.265625
212.884876	212.912248	c5t
\	55014.972656	63248.500000
213.031426	213.070921	c5t
\	36939.316406	46833.773438
213.153009	213.183174	c5
\	25823.353516	25823.353516
213.293786	213.312969	5
\	52770.445313	62994.726563
213.735079	213.754072	5t
\	70733.531250	75598.796875
214.041369	214.049832	5
\	63324.539063	65963.062500
214.113589	214.140107	5w
\	57387.863281	66952.507813
214.256335	214.282853	5t
\	54419.523438	59366.753906
214.585272	214.618241	5
\	42216.359375	46174.140625
214.778797	214.799673	5
\	48153.035156	52770.445313
214.838333	214.888049	5t
\	53892.214844	66242.515625
214.950613	215.042225	5t
\	59131.738281	77095.804688
215.901366	215.910863	5
\	63248.500000	66991.015625
216.035991	216.042136	5
\	60628.742188	63248.500000
216.335836	216.366593	c5
\	73844.890625	74257.429688
216.480644	216.494609	5
\	59880.238281	64745.507813
216.635937	216.663836	5
\	58377.308594	62994.726563
216.829172	216.845165	5t
\	74669.960938	74669.960938
216.959931	217.001268	c5t
\	47529.941406	52395.210938
217.134217	217.144830	5
\	45284.429688	49775.449219
217.276662	217.335251	c5t
\	43535.621094	48812.664063
217.444245	217.461003	5
\	58383.234375	62500.000000
217.677744	217.688357	5
\	57634.730469	61751.496094
217.800079	217.839182	5t
\	48652.695313	53143.714844
217.928240	217.971572	5w
\	51121.371094	58377.308594
218.209218	218.236865	c5
\	43535.621094	47493.402344
218.535209	218.565932	5t
\	47529.941406	59880.238281
218.849147	218.896071	5t
\	53517.964844	66616.765625
219.194900	219.236652	ct
\	42546.175781	46174.140625
219.471365	219.500704	5t
\	40567.281250	47493.402344
219.821742	219.866315	5t
\	57717.675781	67282.320313
219.922794	219.963014	5t
\	41916.167969	54640.718750
220.197509	220.219513	5t
\	58377.308594	62664.910156
220.822610	220.833682	5t
\	75288.781250	75288.781250
221.288880	221.299953	5
\	70132.007813	70132.007813
221.597505	221.606443	5
\	64745.507813	68113.773438
221.633815	221.643870	5
\	56511.976563	59505.988281
222.366592	222.385046	5t
\	79207.921875	79414.187500
222.787251	222.844321	5w
\	49802.109375	56398.417969
222.937896	223.005200	5w
\	46174.140625	58707.125000
223.095695	223.119157	5
\	64371.257813	71107.781250
223.361621	223.373470	5
\	54749.339844	59696.570313
223.724130	223.741447	c5
\	55014.972656	56511.976563
225.760820	225.793219	5t
\	48652.695313	56137.726563
225.985939	225.995994	5
\	58757.484375	61002.996094
226.156173	226.219929	5t
\	47163.585938	61345.648438
226.342332	226.363001	5
\	50898.203125	55389.222656
226.518294	226.528908	5
\	54266.468750	60628.742188
227.278003	227.343919	5t
\	50149.703125	65494.007813
227.713968	227.738229	5w
\	55079.156250	57717.675781
227.776841	227.806447	5t
\	52395.210938	58008.984375
228.143847	228.187419	5t
\	39296.406250	50523.953125
228.282696	228.332347	5t
\	49142.480469	60356.199219
228.579562	228.599114	5t
\	45284.429688	53517.964844
228.774126	228.807415	5t
\	53759.894531	63324.539063
229.025202	229.053412	5t
\	50461.742188	57058.046875
229.068345	229.098510	5t
\	49775.449219	59880.238281
229.987816	229.998430	5
\	60628.742188	64371.257813
230.139758	230.150372	5
\	60254.492188	63622.757813
230.336435	230.385522	5t
\	52110.816406	59366.753906
230.673835	230.692223	5t
\	77836.406250	81134.562500
231.507792	231.516730	5
\	66616.765625	68862.273438
232.470293	232.502117	c5
\	46833.773438	48482.851563
232.598197	232.622776	c5
\	72979.039063	79715.570313
232.739525	232.766339	5
\	60628.742188	63997.007813
232.900405	232.932246	5t
\	62874.250000	66991.015625
233.307631	233.318803	5
\	62125.750000	65119.757813
233.821552	233.858420	5t
\	63997.007813	70733.531250
234.212586	234.227255	5
\	54749.339844	58047.492188
234.436022	234.446635	5
\	62005.277344	63654.355469
234.556192	234.584403	5w
\	56398.417969	61345.648438
234.916161	234.934860	5t
\	59366.753906	61675.460938
235.032953	235.067934	5w
\	55079.156250	62664.910156
235.480063	235.487883	5
\	59880.238281	60254.492188
235.606194	235.642304	c5
\	49142.480469	52110.816406
235.961085	236.000128	5t
\	49142.480469	57058.046875
236.089726	236.116244	5w
\	63324.539063	68601.585938
236.350393	236.395065	5t
\	52110.816406	62994.726563
236.561973	236.581156	5w
\	54749.339844	59696.570313
236.628550	236.642656	5
\	55738.789063	59366.753906
237.138015	237.175442	5t
\	50149.703125	61377.246094
237.281910	237.330997	5t
\	50461.742188	58707.125000
237.709020	237.758671	5t
\	49802.109375	56728.234375
237.853593	237.900517	5t
\	47529.941406	58008.984375
237.983749	238.023411	5t
\	47904.195313	60254.492188
238.113905	238.163063	5t
\	34805.390625	52020.960938
238.263078	238.296367	5w
\	52770.445313	59036.941406
238.405260	238.458861	5w
\	55079.156250	64313.984375
238.536214	238.580731	5w
\	55408.968750	60026.386719
238.669877	238.708243	c5
\	53430.082031	62335.093750
238.815444	238.873055	c5t
\	58707.125000	66292.875000
238.953676	239.014047	5w
\	54089.710938	65963.062500
239.259480	239.308212	5w
\	50461.742188	55079.156250
239.406740	239.451216	5w
\	54419.523438	59036.941406
239.652315	239.664046	5
\	50149.703125	54640.718750
239.686026	239.713673	c5
\	36279.683594	50461.742188
239.901455	239.912069	5
\	50898.203125	56137.726563
240.091382	240.109187	c5
\	56398.417969	58707.125000
240.226007	240.277958	5t
\	52395.210938	55389.222656
240.759479	240.769534	5
\	59131.738281	65119.757813
240.905857	240.934068	5w
\	60686.015625	61675.460938
241.042694	241.123692	c5t
\	63622.757813	69985.031250
241.308972	241.353262	5t
\	68481.843750	69925.742188
241.413052	241.454947	c5
\	47904.195313	54640.718750
241.692356	241.714701	5
\	62125.750000	66991.015625
241.827783	241.870099	5w
\	63984.171875	65303.429688
242.011322	242.053218	5t
\	58008.984375	64745.507813
242.271819	242.329933	c5t
\	42216.359375	53100.265625
242.433434	242.449427	5t
\	70132.007813	70544.554688
242.832648	242.844496	5
\	63984.171875	64973.613281
242.888897	242.895601	5
\	59131.738281	62500.000000
242.963678	242.973520	5
\	62087.457031	62293.730469
243.115000	243.124842	5
\	61262.375000	61674.917969
244.156294	244.167014	5
\	53430.082031	56068.601563
244.690412	244.703819	5
\	54266.468750	60254.492188
245.401522	245.421073	5
\	61377.246094	63248.500000
245.523857	245.557374	5w
\	65119.757813	67365.265625
245.679709	245.732219	5t
\	51646.707031	61377.246094
245.831651	245.862933	5t
\	60628.742188	66242.515625
246.086089	246.109464	c5
\	81064.359375	81064.359375
246.249528	246.370834	5w
\	59036.941406	73548.812500
246.447567	246.506810	5t
\	52770.445313	58377.308594
246.594263	246.654634	c5
\	42546.175781	55738.789063
246.663979	246.709226	5t
\	44910.179688	56511.976563
246.728219	246.767322	5
\	40793.410156	50149.703125
247.416425	247.424246	5
\	58008.984375	59505.988281
247.440020	247.448483	5
\	56068.601563	59696.570313
247.587280	247.638623	5t
\	56068.601563	60356.199219
247.737925	247.782873	c5
\	46174.140625	53430.082031
248.026802	248.058398	5w
\	62335.093750	70910.289063
248.418012	248.431977	5
\	57634.730469	61377.246094
248.528058	248.558223	5t
\	51646.707031	59880.238281
248.671135	248.704988	5w
\	51451.187500	55408.968750
248.810496	248.893388	5t
\	58047.492188	64643.800781
249.247197	249.351448	5t
\	55408.968750	58707.125000
249.648918	249.671486	5w
\	61345.648438	66622.687500
249.788280	249.814535	5w
\	63248.500000	68113.773438
249.938924	249.975033	c5
\	50791.558594	56728.234375
250.269802	250.286001	5
\	53143.714844	58757.484375
250.397165	250.440510	5t
\	53100.265625	58707.125000
250.612231	250.620843	5
\	73432.343750	73432.343750
250.720924	250.749135	5w
\	61345.648438	68601.585938
250.763054	250.805557	5t
\	58377.308594	61675.460938
250.863205	250.930870	5t
\	81889.437500	83127.062500
251.022215	251.039705	5
\	60356.199219	63324.539063
251.228934	251.254071	5t
\	51646.707031	58383.234375
251.611581	251.654594	5t
\	53143.714844	60254.492188
252.298671	252.376317	5t
\	51646.707031	65119.757813
252.460109	252.500328	c5
\	61345.648438	65633.242188
252.520438	252.551721	5t
\	52020.960938	56886.226563
252.636431	252.697518	5t
\	55079.156250	61675.460938
252.765668	252.824880	5w
\	58757.484375	67365.265625
252.938278	252.956712	c5
\	50898.203125	53892.214844
253.089495	253.160605	5w
\	53430.082031	60686.015625
253.236191	253.283499	5w
\	49142.480469	56068.601563
253.545486	253.614195	5t
\	49026.949219	54266.468750
253.700539	253.772282	5t
\	60356.199219	60356.199219
254.000194	254.020304	c5
\	52020.960938	59131.738281
254.090689	254.111916	5w
\	53892.214844	60254.492188
254.133143	254.140405	5
\	63997.007813	65494.007813
254.425296	254.470543	c5t
\	66292.875000	68271.773438
254.735324	254.749289	5
\	64371.257813	68488.023438
255.065462	255.081103	5
\	44535.925781	51272.457031
255.598934	255.620161	5t
\	58008.984375	63622.757813
255.941920	255.986050	ct
\	43413.171875	52395.210938
256.046939	256.061463	5
\	57260.480469	62874.250000
256.081522	256.128352	5w
\	56068.601563	60026.386719
256.545796	256.582704	5t
\	63531.355469	63531.355469
258.306218	258.362075	5w
\	53100.265625	61345.648438
258.402035	258.461248	5t
\	56511.976563	63248.500000
258.526605	258.584142	5t
\	48652.695313	52769.460938
258.677430	258.702567	c5
\	55763.472656	61377.246094
258.832630	258.926854	5t
\	48812.664063	61345.648438
259.105325	259.155041	5w
\	59131.738281	73727.546875
259.303748	259.361298	5w
\	56398.417969	66622.687500
259.376250	259.415353	5t
\	35553.890625	47155.687500
259.510875	259.552212	ct
\	43038.921875	50149.703125
259.582377	259.589080	5
\	59880.238281	66616.765625
259.730951	259.749405	5t
\	84777.226563	84983.500000
259.891660	259.929462	5
\	59366.753906	68931.398438
261.429139	261.441428	5
\	52395.210938	56886.226563
261.471035	261.480531	5
\	62874.250000	66616.765625
261.632939	261.668617	5t
\	70544.554688	70544.554688
261.801173	261.833572	c5
\	44535.925781	56511.976563
261.958701	261.977693	c5
\	47529.941406	52395.210938
262.095001	262.106732	5
\	46032.933594	52020.960938
262.368559	262.394416	5w
\	52440.632813	56728.234375
262.561999	262.602777	5w
\	50898.203125	62125.750000
262.654052	262.672106	5w
\	55408.968750	60686.015625
262.757512	262.803318	c5
\	40793.410156	47529.941406
262.919232	262.945750	5w
\	58047.492188	62664.910156
263.143789	263.182156	5t
\	58707.125000	64643.800781
263.287100	263.328287	5
\	43205.804688	49472.292969
263.613665	263.638270	5t
\	78795.382813	79414.187500
263.820349	263.832652	5
\	74876.234375	74876.234375
264.019969	264.042872	5
\	63622.757813	71107.781250
264.171911	264.218275	c5
\	47904.195313	65494.007813
264.672923	264.692607	5t
\	70132.007813	72194.718750
264.879110	264.897544	5
\	59880.238281	67365.265625
264.927150	264.936647	5
\	58008.984375	61002.996094
265.245558	265.258964	5
\	65868.265625	69610.781250
265.467325	265.495256	c5
\	42664.667969	49026.949219
266.877255	266.917475	5t
\	46407.183594	54640.718750
267.232531	267.262696	5t
\	69610.781250	77844.312500
267.273309	267.292861	5
\	68488.023438	71107.781250
267.311853	267.322467	5
\	66991.015625	72230.539063
267.608475	267.629702	c5
\	59880.238281	68113.773438
267.736955	267.768796	5t
\	48652.695313	61751.496094
267.856669	267.909565	5t
\	54419.523438	59696.570313
267.921296	267.933967	5
\	60356.199219	64643.800781
268.146111	268.186170	5w
\	55079.156250	61015.828125
268.815223	268.885348	5t
\	75495.046875	76320.132813
269.149678	269.158057	5
\	59505.988281	60628.742188
269.305007	269.368199	5t
\	51451.187500	57717.675781
269.469757	269.508124	c5
\	43205.804688	51121.371094
269.642407	269.657640	5
\	61015.828125	67282.320313
269.808286	269.886483	5t
\	52770.445313	59696.570313
270.018737	270.049205	5w
\	51451.187500	56068.601563
270.214033	270.260783	c5t
\	65594.062500	66419.140625
270.577483	270.607089	5t
\	63997.007813	72979.039063
270.807509	270.861673	5t
\	53430.082031	59696.570313
270.942920	270.999906	5t
\	57058.046875	61675.460938
271.090286	271.162399	c5t
\	50791.558594	52770.445313
271.239697	271.305710	5t
\	57058.046875	69261.218750
271.442769	271.472934	5w
\	48652.695313	58008.984375
271.755590	271.785196	5w
\	49401.199219	56137.726563
272.004730	272.021488	5t
\	43413.171875	44535.925781
272.182368	272.202477	5t
\	44535.925781	53892.214844
272.364175	272.409877	c5
\	38588.390625	47493.402344
272.565574	272.591270	5w
\	44161.675781	53892.214844
272.710812	272.762204	c5t
\	46407.183594	51272.457031
273.034462	273.074521	5t
\	46503.957031	52770.445313
273.836774	273.868370	5t
\	52440.632813	58707.125000
274.008859	274.030864	5
\	52440.632813	59366.753906
284.766159	284.806378	5t
\	50898.203125	56511.976563
285.183998	285.231480	5t
\	45658.679688	50149.703125
285.442657	285.514876	5w
\	52770.445313	62335.093750
286.079655	286.112943	c5
\	45184.699219	51451.187500
286.320574	286.354991	5t
\	54089.710938	58047.492188
286.843516	286.870582	c5t
\	64356.437500	64562.707031
287.348051	287.376540	5t
\	51272.457031	62874.250000
287.573729	287.589370	c5
\	49026.949219	53143.714844
287.706678	287.732932	5t
\	53517.964844	58757.484375
288.588722	288.598218	5
\	48652.695313	49026.949219
288.617770	288.640114	5t
\	54640.718750	57634.730469
288.869693	288.899032	c5
\	44854.882813	48153.035156
288.928356	288.938411	5
\	62874.250000	67739.523438
289.029366	289.133366	5w
\	50791.558594	65303.429688
289.226840	289.280441	5w
\	41226.914063	65303.429688
289.805931	289.825483	c5
\	61377.246094	68113.773438
289.847269	289.869613	5t
\	77095.804688	81586.820313
289.959549	289.988597	5w
\	55389.222656	59131.738281
290.107579	290.174055	5t
\	55738.789063	58047.492188
290.255967	290.314645	5w
\	52770.445313	62664.910156
290.408671	290.460622	5t
\	52020.960938	60254.492188
290.544280	290.587161	5w
\	42875.992188	56398.417969
290.709595	290.746833	5w
\	52110.816406	62335.093750
290.833722	290.893544	c5
\	42875.992188	50461.742188
290.973647	291.035430	5t
\	50131.925781	60686.015625
291.140655	291.177893	c5
\	42875.992188	52110.816406
291.836476	291.864407	5w
\	56511.976563	63997.007813
292.160470	292.191752	5t
\	56137.726563	66242.515625
292.280571	292.315204	5t
\	55014.972656	62500.000000
292.839738	292.859290	5t
\	52020.960938	59880.238281
293.693852	293.710610	c5
\	52769.460938	55014.972656
293.824567	293.848587	5
\	60254.492188	67365.265625
293.973715	293.989356	5
\	61002.996094	65494.007813
295.339722	295.366788	c5
\	78176.562500	78176.562500
295.413538	295.445525	c5t
\	58787.128906	58787.128906
295.886393	295.922933	c5t
\	58047.492188	65303.429688
295.961806	295.970743	5
\	72979.039063	76721.554688
296.046496	296.088247	c5
\	41226.914063	47493.402344
296.209554	296.258076	5t
\	52440.632813	65303.429688
296.877366	296.893566	c5
\	61377.246094	63997.007813
297.092989	297.126506	5
\	66242.515625	73353.289063
297.267546	297.294612	5t
\	71782.179688	72400.984375
297.418664	297.438412	5
\	73548.812500	79155.679688
297.851581	297.859401	5
\	57634.730469	61377.246094
298.197360	298.222497	c5
\	48278.445313	48278.445313
298.607938	298.658213	5t
\	49775.449219	60628.742188
298.764879	298.805502	c5
\	52110.816406	59036.941406
299.135824	299.152582	c5
\	53517.964844	63622.757813
299.224084	299.286648	c5
\	52020.960938	69236.523438
299.396234	299.427266	c5
\	42546.175781	45844.328125
299.536346	299.560925	5t
\	49401.199219	56137.726563
299.572097	299.588856	c5
\	54640.718750	57260.480469
299.675440	299.720687	5t
\	49026.949219	52769.460938
299.741533	299.765935	5t
\	44854.882813	50131.925781
299.893856	299.914525	5
\	47904.195313	56886.226563
299.937316	299.959320	5
\	63324.539063	67612.132813
300.166951	300.200533	5t
\	61345.648438	62335.093750
300.392136	300.444086	5t
\	47155.687500	60628.742188
300.582063	300.606642	c5
\	47529.941406	54640.718750
300.771788	300.797178	5w
\	52440.632813	57058.046875
302.899439	302.937160	5t
\	53759.894531	59696.570313
303.309193	303.324834	5
\	55014.972656	58008.984375
303.419239	303.428177	5
\	52395.210938	55014.972656
304.822281	304.858391	5w
\	53759.894531	59036.941406
305.366747	305.375775	5
\	51781.003906	53430.082031
308.115468	308.153453	5t
\	49401.199219	55763.472656
309.349994	309.382393	5w
\	59505.988281	65868.265625
309.786268	309.791295	5
\	59880.238281	61377.246094
309.805261	309.810847	5
\	61002.996094	64371.257813
309.916005	309.945344	5t
\	58707.125000	62335.093750
310.394035	310.421965	ct
\	52395.210938	62125.750000
310.732790	310.764777	5t
\	61881.187500	62087.457031
311.044433	311.077158	5t
\	48812.664063	53100.265625
311.159329	311.208487	5t
\	53892.214844	63622.757813
311.490026	311.502316	5
\	57634.730469	61377.246094
311.641968	311.654257	5
\	52769.460938	55763.472656
311.770577	311.785811	5
\	45844.328125	48812.664063
312.516750	312.524012	5
\	56886.226563	59880.238281
312.733690	312.767543	c5
\	42546.175781	51451.187500
313.388931	313.400003	5
\	66831.687500	66831.687500
314.454007	314.483055	c5
\	42290.417969	48652.695313
314.950611	314.965134	5
\	59131.738281	63622.757813
315.130472	315.155861	5w
\	54749.339844	58707.125000
315.324320	315.351692	c5
\	44910.179688	58008.984375
315.410905	315.419842	5
\	56511.976563	60628.742188
315.486317	315.519275	5t
\	52769.460938	62125.750000
316.010292	316.040457	5t
\	57634.730469	63248.500000
316.139331	316.154972	5
\	59131.738281	63248.500000
316.207466	316.222229	5
\	88696.367188	88696.367188
316.238223	316.244374	5
\	87458.742188	87665.015625
316.286245	316.356630	5t
\	40419.160156	63622.757813
316.781732	316.792345	5
\	52020.960938	63997.007813
316.800166	316.810221	5
\	51646.707031	55763.472656
317.234990	317.261508	5w
\	54749.339844	59366.753906
317.720778	317.753503	5w
\	57717.675781	65963.062500
317.782760	317.796166	5
\	51646.707031	55014.972656
317.925588	317.965083	c5
\	39907.652344	43205.804688
322.839849	322.872249	5t
\	48278.445313	54266.468750
325.879805	325.895798	5
\	65800.328125	66419.140625
327.100227	327.116220	5
\	69100.664063	70132.007813
327.685785	327.693047	5
\	64371.257813	65868.265625
327.801417	327.817058	5
\	56137.726563	58383.234375
328.756163	328.784459	5t
\	70132.007813	70544.554688
328.920311	328.936511	5t
\	61002.996094	63248.500000
329.062045	329.094205	5w
\	56728.234375	61675.460938
329.212126	329.266090	5w
\	55738.789063	58047.492188
329.389289	329.438376	5
\	38588.390625	44854.882813
329.567181	329.587291	5t
\	57260.480469	60628.742188
330.439728	330.449783	5
\	48652.695313	52020.960938
332.759633	332.778625	5
\	45658.679688	52020.960938
332.792032	332.799853	5
\	49775.449219	54266.468750
336.071276	336.090459	5
\	64973.613281	66952.507813
336.823006	336.841460	5t
\	66212.867188	66212.867188
337.139688	337.149184	5
\	70359.281250	75224.546875
337.256437	337.278223	5
\	57260.480469	59505.988281
337.350789	337.368013	5
\	63325.085938	63325.085938
337.621209	337.640202	5
\	57260.480469	64745.507813
337.846887	337.875935	5
\	55763.472656	62125.750000
338.191549	338.209425	5
\	51272.457031	55389.222656
338.329526	338.336788	5
\	73727.546875	75973.054688
338.589279	338.613858	5w
\	63997.007813	65868.265625
338.774737	338.809371	5w
\	53517.964844	63248.500000
338.874728	338.892604	5
\	59505.988281	62874.250000
338.904335	338.921652	5
\	73727.546875	81212.570313
339.176377	339.191460	c5
\	65868.265625	66242.515625
339.313061	339.329055	5
\	62706.269531	62912.539063
339.659016	339.680802	c5
\	49775.449219	50898.203125
339.789172	339.824364	c5
\	49401.199219	53892.214844
339.913742	339.949493	c5
\	41916.167969	49775.449219
340.044471	340.072682	5w
\	57387.863281	62335.093750
340.284100	340.301417	5
\	69610.781250	71856.289063
340.424869	340.452241	c5
\	52020.960938	56137.726563
340.525182	340.556778	5t
\	48482.851563	60026.386719
340.569190	340.582731	5
\	50461.742188	52770.445313
340.701939	340.742159	5t
\	57634.730469	65119.757813
340.856674	340.914770	c5t
\	43787.421875	52769.460938
341.000250	341.042002	5w
\	60356.199219	65633.242188
341.156089	341.175640	5
\	56511.976563	63997.007813
341.416076	341.431309	5
\	52110.816406	54749.339844
341.528681	341.621410	c5t
\	42664.667969	49401.199219
341.922740	341.966748	c5
\	46833.773438	47493.402344
342.173426	342.185728	5
\	73844.890625	75288.781250
342.418684	342.455358	5w
\	56398.417969	61675.460938
342.570487	342.584453	c5
\	59880.238281	63622.757813
342.704900	342.712281	5
\	77145.210938	77557.757813
342.863199	342.893364	c5
\	50898.203125	52769.460938
343.020726	343.046981	c5
\	51272.457031	53892.214844
343.156469	343.187192	c5
\	45658.679688	50898.203125
343.292966	343.306499	5
\	74463.695313	74876.234375
343.429070	343.489958	5t
\	52020.960938	64371.257813
343.788763	343.805987	5t
\	69719.468750	70132.007813
343.960866	343.990472	5t
\	75224.546875	82709.578125
344.014492	344.051361	5t
\	53517.964844	57634.730469
344.107377	344.136716	5w
\	48812.664063	54419.523438
344.428980	344.442387	5
\	53517.964844	56886.226563
344.846820	344.876985	c5
\	57634.730469	59880.238281
345.016637	345.056857	5w
\	68488.023438	72979.039063
345.220571	345.232419	5
\	62005.277344	64313.984375
345.349010	345.364092	5
\	47529.941406	50898.203125
345.534468	345.560723	c5
\	71856.289063	77095.804688
345.669093	345.686969	5
\	63622.757813	67365.265625
345.797762	345.822023	5
\	51121.371094	55408.968750
345.835000	345.853993	5
\	65868.265625	74101.796875
345.918791	345.941694	c5
\	47529.941406	51646.707031
346.093410	346.117107	c5
\	49802.109375	53100.265625
346.227129	346.257032	5w
\	61015.828125	63324.539063
346.499035	346.507647	5
\	78176.562500	78176.562500
346.521180	346.538404	5t
\	94471.945313	95503.296875
346.814242	346.829325	5
\	52020.960938	53892.214844
346.956093	346.966813	5
\	63984.171875	65633.242188
347.353300	347.363914	5
\	62874.250000	64745.507813
347.812570	347.824983	5
\	55079.156250	57717.675781
347.984656	348.022458	c5
\	35949.867188	40897.097656
348.574978	348.582799	5
\	57260.480469	61002.996094
348.679767	348.705721	5w
\	57387.863281	58047.492188
348.847580	348.868248	5t
\	60628.742188	66242.515625
349.397251	349.406748	5
\	61002.996094	63997.007813
349.598909	349.605054	5
\	65119.757813	66242.515625
349.695549	349.735210	5t
\	67365.265625	72979.039063
349.868718	349.905586	5t
\	59505.988281	66616.765625
349.922861	349.986835	5t
\	44760.726563	45998.351563
350.093868	350.124624	5t
\	67037.953125	68275.578125
350.507257	350.552958	5w
\	64643.800781	69261.218750
350.851991	350.884716	5w
\	56728.234375	60356.199219
351.249041	351.283675	5w
\	49775.449219	58757.484375
351.436175	351.457961	c5
\	57260.480469	61751.496094
351.929427	351.958475	5t
\	59505.988281	65119.757813
354.240394	354.257711	c5
\	56137.726563	61002.996094
357.814957	357.827934	5
\	62664.910156	69591.031250
360.732508	360.761283	5t
\	49802.109375	56398.417969
360.906278	360.949850	5w
\	50523.953125	58008.984375
361.086150	361.138660	c5
\	43038.921875	55763.472656
362.464176	362.472788	5
\	69719.468750	69719.468750
362.643501	362.672276	5t
\	60356.199219	60686.015625
363.015028	363.055248	5t
\	51646.707031	55763.472656
363.240439	363.288397	5t
\	49802.109375	55079.156250
363.529507	363.546824	5
\	53517.964844	59880.238281
363.665292	363.709938	c5t
\	42546.175781	46503.957031
363.884207	363.910725	5t
\	64973.613281	67612.132813
364.034853	364.061371	c5
\	46833.773438	51121.371094
364.178163	364.206374	5t
\	47823.218750	57717.675781
364.696442	364.709849	5
\	47529.941406	52395.210938
366.464995	366.480989	5t
\	76526.406250	77351.484375
367.042042	367.058242	c5
\	61002.996094	63248.500000
367.210184	367.220797	5
\	75224.546875	77844.312500
367.358774	367.373856	c5
\	51272.457031	54640.718750
367.552611	367.578307	5w
\	57260.480469	61751.496094
367.634168	367.641989	5
\	63997.007813	66242.515625
367.740304	367.770469	5w
\	48652.695313	58383.234375
371.101069	371.151172	5w
\	57717.675781	62335.093750
372.193388	372.280277	c5
\	51451.187500	59036.941406
372.360959	372.418509	5t
\	56398.417969	60026.386719
372.576949	372.596633	5t
\	63325.085938	63325.085938
372.685113	372.752524	5f
\	46503.957031	50461.742188
373.130325	373.189537	c5t
\	38922.156250	48652.695313
373.333659	373.367734	c5
\	41916.167969	50149.703125
374.442498	374.450319	5
\	63997.007813	65868.265625
374.558905	374.576128	c5
\	77970.296875	79207.921875
374.883241	374.919550	c5
\	47155.687500	51646.707031
375.200084	375.215318	5
\	53430.082031	60026.386719
375.546869	375.572565	5t
\	53892.214844	61377.246094
376.516960	376.545735	5
\	54749.339844	61015.828125
377.309281	377.328274	5t
\	54640.718750	58008.984375
377.447257	377.484125	5
\	49026.949219	58757.484375
377.565682	377.625454	5t
\	47904.195313	59505.988281
377.707452	377.727199	5
\	48482.851563	50461.742188
377.821987	377.872202	5
\	45844.328125	47823.218750
378.220931	378.228752	5
\	57634.730469	59131.738281
378.324702	378.358555	5w
\	59696.570313	62994.726563
390.568989	390.580720	5
\	50898.203125	55389.222656
390.827921	390.838993	5
\	72607.265625	72813.531250
391.449357	391.462205	5
\	58008.984375	59880.238281
391.544321	391.556052	5
\	62874.250000	65494.007813
391.649339	391.661070	5
\	54266.468750	57260.480469
393.283830	393.309526	5w
\	49401.199219	60628.742188
394.080407	394.121744	5t
\	51272.457031	58757.484375
400.544548	400.566693	c5
\	76732.671875	77145.210938
400.778691	400.786511	5
\	62500.000000	64371.257813
403.220930	403.258357	5t
\	47529.941406	55014.972656
403.944888	403.954943	5
\	49401.199219	50898.203125
408.322150	408.333323	5
\	49026.949219	51272.457031
408.484675	408.498207	5
\	81270.625000	82095.710938
408.709825	408.749486	5t
\	51646.707031	58008.984375
409.828161	409.849947	5t
\	56886.226563	68113.773438
416.068024	416.075406	5
\	87871.289063	88077.562500
419.248839	419.269151	5t
\	51451.187500	53430.082031
419.705490	419.724483	c5
\	58757.484375	61377.246094
422.117006	422.125944	5
\	61002.996094	62874.250000
422.140436	422.148899	5
\	60356.199219	62664.910156
423.701814	423.719038	5t
\	72607.265625	72813.531250
424.155782	424.181618	5t
\	67863.039063	68688.117188
424.272601	424.306454	5t
\	56068.601563	59036.941406
424.402370	424.439608	5t
\	57717.675781	63984.171875
424.541167	424.585501	5w
\	52770.445313	60356.199219
424.678835	424.731871	c5t
\	52770.445313	59696.570313
425.847399	425.864716	c5
\	55389.222656	56886.226563
426.420699	426.447764	5t
\	70750.828125	71163.367188
426.548454	426.569330	5
\	59036.941406	64313.984375
426.826641	426.834462	5
\	52395.210938	54266.468750
426.856806	426.876916	5t
\	56886.226563	62500.000000
426.973555	427.014334	5w
\	53517.964844	60628.742188
428.569655	428.580375	5
\	59366.753906	62664.910156
429.234299	429.268152	5w
\	60026.386719	63984.171875
429.360493	429.405181	5t
\	50523.953125	57260.480469
429.493838	429.524305	c5
\	47823.218750	54749.339844
429.658024	429.695100	5w
\	53430.082031	57387.863281
430.198541	430.215468	5
\	52440.632813	55408.968750
430.459657	430.491643	5t
\	74669.960938	75288.781250
430.638045	430.678644	5t
\	72400.984375	73844.890625
430.817346	430.850304	5t
\	58757.484375	69236.523438
430.933148	430.970950	c5t
\	42546.175781	49142.480469
431.316249	431.365341	5t
\	58707.125000	67941.953125
432.251854	432.264144	5
\	57634.730469	59505.988281
432.385362	432.449043	5t
\	48278.445313	68113.773438
432.520545	432.566910	c5
\	46407.183594	58757.484375
432.668670	432.744548	5w
\	57387.863281	63324.539063
432.813109	432.918834	5w
\	48812.664063	58377.308594
432.984630	433.015098	c5
\	40897.097656	42546.175781
433.108757	433.140602	5w
\	61015.828125	64313.984375
433.253999	433.318798	5t
\	61751.496094	77844.312500
433.402713	433.458450	5w
\	58707.125000	64973.613281
433.510478	433.532482	5
\	61015.828125	64313.984375
433.801055	433.813357	5
\	75288.781250	75495.046875
433.902545	433.928241	5t
\	52769.460938	60628.742188
434.205025	434.265641	5t
\	50131.925781	62005.277344
434.379367	434.415477	c5
\	45844.328125	49802.109375
434.922141	434.959379	c5
\	45184.699219	48482.851563
435.624178	435.653226	5t
\	51646.707031	54266.468750
436.077652	436.087243	5
\	53100.265625	56068.601563
437.288834	437.301682	5
\	59131.738281	62874.250000
437.557021	437.595387	c5
\	41556.726563	48153.035156
437.840012	437.873230	5t
\	61468.644531	62500.000000
438.213202	438.238027	5w
\	53759.894531	57717.675781
438.351998	438.377952	c5
\	40897.097656	47493.402344
438.612179	438.620559	5
\	55389.222656	57634.730469
438.744570	438.761887	c5
\	63622.757813	65868.265625
438.877846	438.906621	5w
\	57717.675781	62005.277344
439.031876	439.056702	5
\	60356.199219	65633.242188
439.152618	439.195926	5t
\	57387.863281	62005.277344
440.993648	441.024116	5t
\	62005.277344	66952.507813
441.222561	441.251608	5w
\	47904.195313	57634.730469
441.272835	441.281215	5
\	56137.726563	60254.492188
441.366030	441.407460	5w
\	52440.632813	56728.234375
441.501441	441.542065	5w
\	55079.156250	61345.648438
441.634596	441.660549	5w
\	55408.968750	61345.648438
442.697096	442.711859	5
\	67450.492188	67450.492188
442.736465	442.761070	5t
\	70132.007813	71369.640625
442.852734	442.912354	5w
\	52770.445313	58707.125000
443.794956	443.814508	5t
\	49775.449219	53143.714844
443.953515	443.993575	ct
\	47823.218750	56068.601563
444.237933	444.278153	5t
\	36302.394531	47529.941406
444.367648	444.433662	5t
\	45844.328125	58377.308594
444.657090	444.684173	c5
\	56398.417969	57058.046875
445.639484	445.650098	5
\	51646.707031	54266.468750
445.672111	445.697501	5t
\	62005.277344	66292.875000
446.010401	446.058441	5t
\	44161.675781	54266.468750
446.280768	446.305346	5
\	68862.273438	77844.312500
446.618298	446.664564	5t
\	47493.402344	51451.187500
447.066731	447.099689	c5
\	35928.144531	38922.156250
447.290277	447.330901	5t
\	51121.371094	53100.265625
448.010608	448.024141	5
\	65800.328125	66419.140625
448.641006	448.657932	5
\	63984.171875	65963.062500
449.053145	449.076607	5
\	54640.718750	58008.984375
449.174438	449.187971	5
\	74876.234375	74876.234375
449.296140	449.312899	5
\	53892.214844	57634.730469
449.421827	449.443055	5
\	54640.718750	59505.988281
449.554218	449.574886	5
\	47155.687500	53892.214844
450.044677	450.051939	5
\	62125.750000	63997.007813
450.181536	450.189915	5
\	68113.773438	69610.781250
450.285996	450.307782	5
\	59505.988281	64371.257813
451.468013	451.490916	c5
\	62125.750000	66616.765625
451.880159	451.898778	5
\	62994.726563	64313.984375
452.642769	452.665113	5
\	61002.996094	66242.515625
453.467276	453.499675	5t
\	56137.726563	66616.765625
453.537102	453.573970	c5
\	56728.234375	60356.199219
454.119524	454.151120	5w
\	57387.863281	62335.093750
454.267348	454.296687	c5
\	51451.187500	54749.339844
455.009596	455.017975	5
\	47904.195313	53143.714844
455.050933	455.060429	5
\	61751.496094	63622.757813
455.127775	455.167834	c5
\	33970.976563	51121.371094
455.277728	455.292811	5
\	66616.765625	69610.781250
455.635238	455.687189	5t
\	52395.210938	58008.984375
455.911468	455.928394	5
\	59366.753906	62664.910156
456.032968	456.048609	c5
\	61002.996094	61377.246094
456.166476	456.176531	5
\	58383.234375	62874.250000
456.279874	456.305011	c5
\	51272.457031	53892.214844
456.442429	456.459187	5
\	58383.234375	65119.757813
456.561413	456.574819	5
\	60628.742188	64371.257813
457.846722	457.867598	5t
\	63654.355469	65633.242188
457.971342	458.042844	c5
\	57260.480469	66991.015625
458.130762	458.146756	5t
\	73019.804688	73226.070313
458.250135	458.272704	c5
\	48812.664063	52110.816406
458.362927	458.385830	c5
\	41541.914063	49026.949219
458.804193	458.816606	5
\	67612.132813	70250.664063
458.928885	458.955967	5w
\	65963.062500	66292.875000
459.128781	459.165090	5t
\	50523.953125	59880.238281
459.541034	459.566172	5w
\	54640.718750	64371.257813
459.811401	459.829277	5
\	54266.468750	59505.988281
460.929178	460.943702	5
\	65494.007813	71482.031250
461.408465	461.421313	5
\	60254.492188	63997.007813
461.598878	461.606259	5
\	77145.210938	77557.757813
461.696708	461.730783	c5
\	58383.234375	66242.515625
461.863362	461.900036	c5t
\	46833.773438	52110.816406
461.996516	462.020778	5w
\	57387.863281	64643.800781
462.356485	462.374540	c5
\	51451.187500	55079.156250
462.647461	462.655840	5
\	49401.199219	52395.210938
462.777953	462.812934	5w
\	52770.445313	58377.308594
462.936497	462.969786	c5
\	49472.292969	54749.339844
463.514981	463.528946	5
\	37050.898438	41916.167969
465.037750	465.058418	5
\	56886.226563	63622.757813
465.193353	465.240525	c5t
\	52440.632813	58377.308594
465.321430	465.347384	5w
\	50461.742188	55738.789063
465.433804	465.484637	5t
\	45658.679688	56511.976563
465.589097	465.630993	5t
\	46781.437500	54266.468750
465.901442	465.942629	5t
\	40897.097656	51781.003906
467.456166	467.486923	5t
\	70750.828125	71782.179688
469.417246	469.450763	5t
\	50898.203125	59880.238281
469.545168	469.569962	c5
\	57717.675781	60356.199219
469.681469	469.691524	5
\	59131.738281	65119.757813
469.703254	469.711075	5
\	63248.500000	66242.515625
469.778108	469.795983	5
\	49026.949219	53517.964844
470.489998	470.498610	5
\	76732.671875	76938.945313
470.955671	470.997423	5w
\	50131.925781	61015.828125
471.081902	471.098660	5
\	46781.437500	49775.449219
471.200886	471.213175	5
\	49775.449219	54266.468750
471.253576	471.276709	c5
\	45184.699219	48482.851563
471.324103	471.352314	5t
\	54089.710938	59036.941406
471.571229	471.609595	c5
\	40237.468750	44525.066406
472.039358	472.073992	5t
\	44161.675781	49026.949219
472.305271	472.325925	5t
\	53430.082031	59036.941406
472.554955	472.579533	5t
\	51646.707031	61377.246094
472.712070	472.743101	5w
\	51121.371094	54089.710938
472.841275	472.881898	5w
\	51451.187500	62005.277344
472.999819	473.033107	ct
\	58377.308594	64313.984375
473.131998	473.164397	5t
\	49026.949219	56511.976563
473.264999	473.327511	c5t
\	48482.851563	56728.234375
473.407392	473.549363	c5
\	29353.562500	58047.492188
473.621898	473.652063	5w
\	57634.730469	69610.781250
473.758758	473.788923	c5t
\	47904.195313	52395.210938
473.925782	473.991139	c5t
\	46407.183594	51646.707031
474.072137	474.160398	c5t
\	50523.953125	65868.265625
474.509091	474.558178	ct
\	47493.402344	59696.570313
474.730263	474.762020	c5
\	55738.789063	62994.726563
475.346884	475.377049	5t
\	47155.687500	55389.222656
475.601974	475.674193	5t
\	51121.371094	56728.234375
475.762775	475.809040	5w
\	56068.601563	60026.386719
476.453937	476.484405	5w
\	53430.082031	59366.753906
476.728325	476.774130	c5t
\	46032.933594	55014.972656
476.862992	476.918849	5w
\	51121.371094	59366.753906
477.020408	477.057082	5w
\	54089.710938	59696.570313
477.084164	477.112375	5w
\	54419.523438	59696.570313
477.182902	477.238195	5t
\	56398.417969	60686.015625
477.325648	477.395304	5w
\	49472.292969	59366.753906
477.485320	477.532150	5w
\	52770.445313	60686.015625
477.604370	477.664554	5t
\	56728.234375	59696.570313
477.739966	477.807487	c5
\	36609.496094	47493.402344
477.937820	477.957568	c5
\	46503.957031	48812.664063
478.372312	478.382925	5
\	50898.203125	52769.460938
478.448841	478.468392	5t
\	51272.457031	56886.226563
478.997978	479.038602	5t
\	54419.523438	69591.031250
479.362167	479.370546	5
\	58383.234375	61751.496094
481.190495	481.201109	5
\	55014.972656	59880.238281
481.456575	481.471338	c5
\	66419.140625	66831.687500
481.623418	481.635707	5
\	50898.203125	53143.714844
481.741187	481.761499	5w
\	57058.046875	59036.941406
483.437222	483.469621	5t
\	67365.265625	74476.046875
485.324526	485.351592	5t
\	74463.695313	75495.046875
491.834412	491.855852	5w
\	55408.968750	59036.941406
492.181968	492.191560	5
\	61345.648438	62664.910156
492.462672	492.498423	5t
\	54640.718750	62500.000000
492.601539	492.629836	5w
\	64150.160156	65181.515625
492.776610	492.814037	5t
\	52020.960938	59505.988281
492.905090	492.937490	5w
\	52020.960938	56137.726563
492.961147	492.978268	5t
\	65633.242188	69920.843750
493.046895	493.062889	c5
\	75907.585938	75907.585938
493.402363	493.419289	5t
\	51121.371094	56398.417969
494.844494	494.852957	5
\	65633.242188	66952.507813
494.952575	494.968568	5t
\	64562.707031	64768.976563
495.234366	495.281760	5t
\	50461.742188	57058.046875
495.383081	495.421685	c5
\	55408.968750	59366.753906
495.733695	495.762470	c5t
\	49802.109375	53100.265625
496.119328	496.155079	5t
\	55014.972656	60628.742188
496.273504	496.308138	c5t
\	46032.933594	53143.714844
496.410922	496.457287	5
\	37050.898438	50149.703125
496.938221	496.956675	5t
\	64150.160156	64150.160156
497.061855	497.116020	5
\	34630.609375	47163.585938
499.424219	499.463714	5t
\	47823.218750	54749.339844
500.641829	500.700483	5t
\	60254.492188	66991.015625
502.215386	502.303691	5t
\	54089.710938	64973.613281
502.383573	502.457868	5t
\	55763.472656	62500.000000
502.542776	502.574617	5w
\	57634.730469	63248.500000
502.600313	502.611485	5
\	65868.265625	69236.523438
502.689890	502.726000	5w
\	55408.968750	59366.753906
502.938709	502.964098	5w
\	56068.601563	61345.648438
504.211544	504.249682	5t
\	64356.437500	64356.437500
504.359176	504.383781	5t
\	58580.855469	60231.023438
504.681002	504.736295	5t
\	46174.140625	56398.417969
504.828262	504.870578	5
\	43535.621094	53759.894531
504.945618	504.992278	5w
\	64313.984375	64973.613281
505.081655	505.101765	5
\	55389.222656	59131.738281
505.333797	505.367086	5w
\	50131.925781	54749.339844
505.638589	505.665402	c5
\	46781.437500	49026.949219
506.803575	506.812038	5
\	65963.062500	66622.687500
508.017147	508.024968	5
\	50898.203125	53517.964844
508.442053	508.475905	5t
\	55079.156250	61345.648438
508.535536	508.544474	5
\	54640.718750	58757.484375
508.572950	508.628807	c5t
\	34300.792969	47163.585938
508.724160	508.767040	c5
\	43205.804688	48482.851563
508.876497	508.918742	5w
\	51121.371094	59036.941406
509.434505	509.444097	5
\	53100.265625	56398.417969
509.489234	509.499954	5
\	60356.199219	61675.460938
510.212481	510.219743	5
\	63248.500000	63248.500000
510.271135	510.282866	5
\	62125.750000	66242.515625
511.589803	511.633247	5w
\	46503.957031	56398.417969
511.913662	511.926638	5
\	56728.234375	60026.386719
512.021426	512.090526	5t
\	51121.371094	56398.417969
512.120164	512.152324	c5
\	41226.914063	49472.292969
512.179406	512.214952	5w
\	48153.035156	58047.492188
512.319331	512.330052	5
\	49472.292969	52440.632813
512.520655	512.535737	5
\	41541.914063	44535.925781
512.630213	512.653910	c5
\	46503.957031	54419.523438
513.161380	513.189869	c5
\	49401.199219	56137.726563
513.268633	513.279246	5
\	73727.546875	78592.812500
513.357452	513.408285	5t
\	55014.972656	62500.000000
513.503617	513.549055	5t
\	53759.894531	59036.941406
514.151334	514.184623	5t
\	49472.292969	58047.492188
514.632757	514.641136	5
\	62874.250000	65494.007813
514.837419	514.955633	5w
\	47823.218750	56728.234375
516.081789	516.089051	5
\	52020.960938	55763.472656
516.189840	516.219743	5t
\	52440.632813	59366.753906
517.194524	517.258498	5t
\	60643.566406	62912.539063
517.326167	517.365098	5
\	44195.250000	54089.710938
517.490353	517.515743	5w
\	50461.742188	55408.968750
517.614480	517.706783	c5t
\	46503.957031	51781.003906
517.808570	517.868941	5t
\	38258.574219	54749.339844
517.997582	518.034820	5t
\	37928.761719	48812.664063
518.275448	518.338571	5t
\	45658.679688	55014.972656
518.495540	518.526822	5t
\	46032.933594	47529.941406
518.644688	518.663123	5
\	35928.144531	39670.656250
518.851237	518.885090	c5
\	44854.882813	48482.851563
519.010910	519.050405	c5
\	39907.652344	44854.882813
519.189766	519.248545	5w
\	51451.187500	60026.386719
519.331948	519.344925	5
\	48482.851563	51451.187500
520.590709	520.612714	5w
\	56398.417969	63984.171875
520.849684	520.869431	5w
\	53430.082031	59366.753906
520.968733	520.998636	c5
\	44854.882813	47823.218750
521.075369	521.086654	5
\	52440.632813	53100.265625
521.443801	521.489685	5t
\	58377.308594	67941.953125
521.509237	521.516499	5
\	42290.417969	45284.429688
521.557208	521.596139	5w
\	46503.957031	46503.957031
521.621517	521.638834	5
\	34431.136719	40419.160156
521.671179	521.707853	5w
\	51451.187500	61345.648438
522.066170	522.085163	5t
\	60254.492188	69236.523438
522.186937	522.216463	5t
\	65594.062500	65800.328125
522.305356	522.339773	5w
\	55738.789063	62005.277344
522.426098	522.454308	5
\	40897.097656	49142.480469
522.543454	522.575614	5
\	49472.292969	53100.265625
523.315779	523.333655	5t
\	57260.480469	61751.496094
523.466045	523.482245	5
\	53143.714844	59505.988281
523.724354	523.763285	ct
\	50791.558594	58377.308594
524.005897	524.031287	5w
\	55079.156250	61345.648438
524.603932	524.638007	5t
\	45284.429688	50898.203125
524.888328	524.950391	5f
\	37269.128906	50131.925781
525.990400	525.996545	5
\	51272.457031	51272.457031
526.270652	526.295478	5w
\	47823.218750	54749.339844
526.543732	526.558966	5
\	56068.601563	59036.941406
527.294753	527.344469	5w
\	67282.320313	70250.664063
528.662787	528.681780	5t
\	54266.468750	59131.738281
528.887477	528.934307	5t
\	49472.292969	54089.710938
529.029235	529.074482	c5
\	55408.968750	57058.046875
529.182852	529.224748	5t
\	46407.183594	54640.718750
529.345619	529.421378	ct
\	50461.742188	66952.507813
529.521089	529.581460	c5t
\	43865.433594	53430.082031
529.657065	529.688097	5w
\	48812.664063	55079.156250
529.734200	529.744255	5
\	50149.703125	51272.457031
529.883879	529.918296	5t
\	49142.480469	57058.046875
529.952616	529.959319	5
\	43787.421875	47529.941406
529.998414	530.014212	5
\	50131.925781	53759.894531
530.173885	530.206045	5t
\	47493.402344	56398.417969
530.295602	530.344201	c5t
\	41167.664063	43038.921875
530.433988	530.508464	c5
\	25395.779297	38588.390625
530.593660	530.613972	c5
\	45844.328125	47163.585938
530.753897	530.811757	c5
\	38918.203125	43535.621094
530.905671	530.922033	5
\	49142.480469	54749.339844
531.459744	531.472033	5
\	53517.964844	57260.480469
531.583196	531.602748	c5
\	44910.179688	46781.437500
531.766097	531.808977	5t
\	40567.281250	52440.632813
531.939875	531.973728	c5
\	44525.066406	44854.882813
532.660376	532.671096	5
\	60026.386719	60026.386719
532.811578	532.827219	5
\	58008.984375	63622.757813
533.088648	533.105965	5
\	62125.750000	67739.523438
533.444634	533.463817	c5
\	46833.773438	50791.558594
533.476323	533.484144	5
\	56511.976563	59505.988281
533.580225	533.594748	5
\	46781.437500	49775.449219
537.109204	537.128387	5w
\	55408.968750	59696.570313
537.222047	537.263234	5
\	46503.957031	52440.632813
537.548026	537.554729	5
\	60628.742188	65494.007813
538.546257	538.579546	5w
\	60356.199219	69591.031250
538.674898	538.684490	5
\	48812.664063	53430.082031
538.892040	538.916060	c5
\	45514.511719	53100.265625
539.581364	539.603708	5t
\	48278.445313	56511.976563
539.716547	539.767939	5t
\	48482.851563	55079.156250
539.892472	539.932531	5t
\	51121.371094	54419.523438
541.948750	541.956571	5
\	53143.714844	55014.972656
542.255426	542.283357	c5
\	39296.406250	43787.421875
542.402899	542.429713	5
\	52769.460938	58383.234375
547.573442	547.582054	5
\	78795.382813	78795.382813
547.654365	547.682011	5w
\	55079.156250	61345.648438
547.813589	547.851016	5w
\	65119.757813	69236.523438
548.080346	548.127176	5w
\	51451.187500	58047.492188
548.242601	548.315220	5t
\	56511.976563	61002.996094
548.393984	548.422824	c5
\	56728.234375	63654.355469
548.541660	548.555193	5t
\	72607.265625	73844.890625
550.847252	550.877155	5
\	41886.542969	48812.664063
552.000505	552.030530	5w
\	52110.816406	60026.386719
552.041144	552.067957	5t
\	57634.730469	59505.988281
552.172026	552.182746	5
\	63984.171875	65303.429688
552.255530	552.288255	5t
\	49802.109375	54749.339844
552.527134	552.565678	5t
\	54640.718750	57260.480469
553.247421	553.268335	c5
\	57962.046875	57962.046875
553.560561	553.590167	c5
\	48652.695313	49775.449219
553.684572	553.693510	5
\	49775.449219	53143.714844
554.124599	554.166428	5t
\	77557.757813	79414.187500
554.259929	554.316521	5t
\	71163.367188	72400.984375
555.602448	555.646967	c5
\	51451.187500	58707.125000
558.864169	558.902541	c5
\	33970.976563	41886.542969
560.556247	560.574866	5t
\	46503.957031	50791.558594
561.756476	561.787200	5w
\	58757.484375	66242.515625
562.104451	562.128510	5w
\	61345.648438	68601.585938
562.145827	562.155882	5
\	64745.507813	66616.765625
563.593944	563.606247	5
\	74669.960938	74669.960938
564.248991	564.259046	5
\	65868.265625	67739.523438
564.922115	564.928818	5
\	58383.234375	59505.988281
565.018052	565.050776	5w
\	50131.925781	55079.156250
565.775111	565.807511	5t
\	51646.707031	61377.246094
566.319755	566.329810	5
\	53143.714844	54640.718750
566.642539	566.679447	c5t
\	54249.175781	54455.445313
567.029475	567.078562	5t
\	46833.773438	54749.339844
567.146831	567.212280	5t
\	48482.851563	58047.492188
567.307632	567.354462	c5t
\	42875.992188	47823.218750
567.553165	567.569923	5
\	38173.652344	42290.417969
567.820180	567.875482	5t
\	45284.429688	58383.234375
568.024072	568.030775	5
\	46032.933594	51646.707031
571.152688	571.205590	5t
\	69306.929688	69513.203125
571.276314	571.319867	5w
\	59366.753906	64313.984375
571.442202	571.451699	5
\	56511.976563	58757.484375
571.559510	571.579062	5
\	46781.437500	53143.714844
571.698926	571.708768	5
\	69100.664063	69100.664063
571.840491	571.863952	5w
\	55014.972656	59131.738281
572.218111	572.227607	5
\	61751.496094	65119.757813
572.360556	572.368935	5
\	50898.203125	53517.964844
572.542887	572.549038	5
\	60849.835938	60849.835938
572.574874	572.583486	5
\	55899.339844	56105.609375
572.748913	572.788972	5
\	36609.496094	44854.882813
572.843194	572.853808	5
\	64745.507813	69236.523438
573.231316	573.239779	5
\	65633.242188	65633.242188
573.334567	573.381397	5t
\	52770.445313	57387.863281
573.469395	573.520193	c5t
\	47823.218750	53759.894531
573.917400	573.953510	5t
\	58707.125000	65633.242188
574.046041	574.072559	5t
\	50791.558594	57717.675781
574.778775	574.806147	5t
\	47529.941406	49026.949219
574.896642	574.914518	5
\	41167.664063	44535.925781
575.293813	575.332357	5t
\	46781.437500	58383.234375
575.442471	575.468989	5w
\	46174.140625	53430.082031
576.220147	576.270588	5t
\	67037.953125	67450.492188
576.358190	576.379630	5
\	55079.156250	57058.046875
576.583083	576.614907	5t
\	51781.003906	56068.601563
576.667433	576.674695	5
\	43787.421875	51272.457031
576.930010	576.948464	5t
\	66419.140625	66419.140625
577.069100	577.111980	c5t
\	39248.019531	45514.511719
577.227080	577.264587	5t
\	48153.035156	55738.789063
577.370954	577.416656	c5
\	36609.496094	45184.699219
577.973535	578.022620	c5
\	41226.914063	49802.109375
578.130951	578.159161	5w
\	59366.753906	67282.320313
578.365664	578.384283	c5
\	50131.925781	52440.632813
578.396329	578.403032	5
\	62500.000000	65119.757813
578.495997	578.518001	5
\	54749.339844	59366.753906
578.633665	578.678802	5t
\	49142.480469	57058.046875
579.544322	579.610756	5t
\	57343.234375	58374.585938
579.847854	579.878321	5t
\	47493.402344	53430.082031
580.351462	580.383302	5t
\	55014.972656	62125.750000
580.603579	580.635566	5t
\	62087.457031	62706.269531
581.030446	581.069941	5t
\	50461.742188	62335.093750
586.359986	586.368598	5
\	67450.492188	67450.492188
587.627237	587.681402	5t
\	51781.003906	60686.015625
587.783524	587.817941	5w
\	54749.339844	64643.800781
587.921757	587.948839	5w
\	41886.542969	50791.558594
588.044191	588.058861	5
\	57387.863281	59366.753906
589.472434	589.512095	5t
\	55738.789063	56728.234375
589.623817	589.662357	c5
\	44854.882813	51781.003906
589.751180	589.780842	c5
\	55408.968750	59366.753906
589.881836	589.934873	5t
\	42546.175781	53759.894531
590.017812	590.071977	5f
\	40897.097656	46174.140625
590.414937	590.423549	5
\	66006.601563	66212.867188
590.885157	590.976769	5t
\	43038.921875	50523.953125
591.066686	591.141162	5f
\	49802.109375	51121.371094
591.236522	591.269480	c5
\	43038.921875	46781.437500
591.393366	591.443766	c5t
\	46174.140625	49802.109375
591.531598	591.656854	5f
\	45184.699219	52770.445313
591.742050	591.768568	c5
\	48812.664063	52440.632813
591.846430	591.861099	5
\	52770.445313	55408.968750
592.806214	592.843641	ct
\	52395.210938	58008.984375
592.942133	592.986142	5w
\	53430.082031	62335.093750
593.601700	593.636117	5t
\	51121.371094	57387.863281
593.729776	593.798046	5f
\	34960.421875	48812.664063
593.916270	593.923651	5
\	68481.843750	69306.929688
593.939645	593.947026	5
\	71163.367188	71575.906250
594.229550	594.298818	5t
\	37425.148438	52769.460938
594.466959	594.504386	c5
\	41167.664063	42290.417969
594.866924	594.881447	5
\	52020.960938	55389.222656
595.686403	595.705955	5
\	53517.964844	58383.234375
596.371817	596.416506	5t
\	43787.421875	54640.718750
596.646763	596.672153	5t
\	47823.218750	53430.082031
597.166159	597.183476	5t
\	46032.933594	51646.707031
597.301251	597.342439	c5
\	43535.621094	49142.480469
597.750930	597.792682	5t
\	52110.816406	60356.199219
597.883520	597.952918	5f
\	34300.792969	45514.511719
598.073899	598.123616	c5t
\	42290.417969	45284.429688
598.468836	598.512408	5t
\	44161.675781	50523.953125
598.670494	598.768208	c5t
\	52440.632813	64973.613281
598.882743	598.892335	5
\	68271.773438	70580.476563
599.290106	599.310417	c5
\	52770.445313	58047.492188
599.414562	599.497794	5t
\	42664.667969	67739.523438
602.174091	602.195877	c5
\	47155.687500	48652.695313
602.817572	602.853682	5t
\	51781.003906	56728.234375
602.967089	602.993607	5w
\	44195.250000	54089.710938
607.721081	607.734488	5
\	55014.972656	58383.234375
607.898161	607.918271	5
\	35179.640625	37799.398438
608.364041	608.383033	5
\	50149.703125	51646.707031
608.768902	608.819117	5t
\	41886.542969	47163.585938
608.944936	608.982175	5t
\	50131.925781	59036.941406
609.199162	609.215920	5
\	51646.707031	56511.976563
609.711703	609.722423	5
\	62664.910156	66622.687500
609.906921	609.942467	5t
\	58707.125000	66952.507813
610.132607	610.165331	5t
\	45514.511719	54749.339844
610.345880	610.385375	5
\	37928.761719	43535.621094
610.586188	610.611326	5
\	56137.726563	61002.996094
610.725032	610.806839	5t
\	51451.187500	62664.910156
610.877370	610.916300	c5
\	46174.140625	52110.816406
611.950312	612.082531	5t
\	54749.339844	62994.726563
612.489370	612.515625	c5
\	48278.445313	52395.210938
612.772000	612.803032	c5
\	51451.187500	55738.789063
615.251134	615.268451	c5
\	53517.964844	58383.234375
615.375704	615.384642	5
\	53892.214844	55389.222656
615.505302	615.563956	c5t
\	34431.136719	43413.171875
615.659648	615.684473	c5t
\	41556.726563	45184.699219
615.783211	615.802958	5w
\	58377.308594	61675.460938
615.919751	615.972858	5w
\	50791.558594	56728.234375
616.064754	616.096914	c5
\	42546.175781	48812.664063
616.293260	616.323728	ct
\	52110.816406	57717.675781
616.396511	616.430364	5t
\	50461.742188	59696.570313
617.169496	617.178108	5
\	68894.382813	69100.664063
620.636381	620.647454	5
\	81270.625000	81476.898438
620.879123	620.888619	5
\	55763.472656	59880.238281
621.060671	621.084691	ct
\	55763.472656	60628.742188
621.186689	621.223363	c5
\	49802.109375	63324.539063
621.501414	621.526551	c5
\	52020.960938	59131.738281
622.144373	622.153869	5
\	64371.257813	66991.015625
622.294639	622.313073	5
\	63997.007813	66991.015625
622.601173	622.601173	end
\	91358.843750	91358.843750
