10.613175	10.681170	sk
\	30183.726563	40026.246094
11.615833	11.646593	5w
\	48556.433594	55774.277344
33.258248	33.291706	5w
\	52165.355469	59383.203125
35.495072	35.525292	5t
\	50853.019531	55118.109375
36.115123	36.150739	c5t
\	48556.433594	51181.105469
40.837006	40.848338	5
\	51509.187500	53805.777344
41.006454	41.032357	5w
\	38713.910156	41994.750000
45.610155	45.646312	5t
\	45931.761719	52821.519531
45.858392	45.866486	5
\	60039.371094	66272.968750
45.960924	45.985208	5t
\	50196.847656	57742.781250
50.068693	50.083803	5
\	53805.777344	58070.863281
50.491234	50.557070	5w
\	60367.453125	64632.542969
58.530308	58.541640	5
\	62007.875000	66929.132813
58.637157	58.690042	c5t
\	53805.777344	57086.613281
58.788797	58.824953	5w
\	42650.917969	51509.187500
58.914534	58.951230	c5
\	51181.105469	57414.699219
66.547256	66.590428	c5
\	38057.746094	46916.011719
67.187813	67.215875	c5
\	42979.003906	48556.433594
68.865566	68.882295	c5
\	41338.582031	42322.832031
68.896326	68.903341	5
\	62007.875000	62007.875000
69.114881	69.157513	c5t
\	38385.828125	42979.003906
69.387401	69.422478	c5
\	41666.667969	46587.925781
70.006913	70.038212	5t
\	54790.027344	58727.035156
71.625419	71.664021	5t
\	67047.820313	67047.820313
72.109904	72.191391	5t
\	51181.105469	61679.792969
72.334396	72.382425	5
\	35761.156250	42650.917969
79.592606	79.671933	5f
\	36089.238281	40682.417969
80.961142	80.986506	5t
\	37073.488281	40682.417969
81.577416	81.593605	5
\	47572.175781	51181.105469
81.642173	81.664838	5t
\	49212.597656	54133.859375
81.835905	81.895805	5f
\	29199.474609	37401.574219
88.849116	88.893367	5t
\	47244.093750	55446.191406
91.051402	91.074067	5t
\	49868.765625	55774.277344
94.426335	94.466268	5w
\	43963.253906	50853.019531
94.757136	94.799768	5t
\	45931.761719	55118.109375
95.032355	95.072828	5t
\	44947.503906	56430.449219
95.154314	95.252529	5t
\	38713.910156	57742.781250
98.932900	98.969596	5
\	36089.238281	42322.832031
99.457434	99.491432	5t
\	49868.765625	56430.449219
100.217792	100.260424	5t
\	48556.433594	58398.949219
100.457934	100.510279	5t
\	58727.035156	65944.882813
100.606875	100.645190	c5t
\	46259.843750	56102.363281
101.085539	101.260924	5t
\	45275.589844	58070.863281
112.420218	112.434249	5
\	43635.171875	47572.175781
113.400211	113.414242	5
\	42650.917969	48228.347656
114.202122	114.219930	5
\	41666.667969	50853.019531
114.862646	114.880994	c5
\	41666.667969	42979.003906
116.706609	116.718481	5
\	51837.269531	53805.777344
118.018483	118.040069	5w
\	51509.187500	56102.363281
124.144519	124.186072	5t
\	49212.597656	57086.613281
124.262162	124.270796	5
\	56758.531250	58727.035156
124.708447	124.738128	5t
\	51509.187500	59055.121094
127.944691	127.977070	5t
\	49540.683594	55118.109375
128.144359	128.170262	5t
\	54461.941406	58070.863281
128.418498	128.455734	5t
\	51509.187500	56102.363281
128.519412	128.553949	5t
\	46587.925781	52493.437500
128.903638	128.948429	c5
\	45931.761719	46587.925781
129.084419	129.138383	5t
\	52165.355469	59383.203125
129.336433	129.389318	5w
\	56758.531250	58398.949219
129.454615	129.517753	5w
\	42979.003906	54461.941406
130.563583	130.597041	5t
\	51181.105469	58398.949219
131.626681	131.656361	5
\	39698.160156	44291.339844
131.748640	131.775083	c5
\	44291.339844	48228.347656
133.149556	133.197044	5t
\	44619.421875	57742.781250
134.182974	134.225066	5t
\	55774.277344	62664.039063
134.313028	134.379944	c5t
\	45931.761719	55118.109375
134.463588	134.512156	c5
\	40354.332031	45275.589844
135.436566	135.452756	5
\	55446.191406	62335.957031
135.888248	135.931420	5t
\	48228.347656	56102.363281
136.965377	136.974551	5
\	63320.210938	67585.304688
137.979908	137.996097	5t
\	62007.875000	66929.132813
138.129929	138.172021	5t
\	66929.132813	73162.726563
138.277791	138.323661	c5t
\	55774.277344	65944.882813
138.438065	138.456953	5t
\	61023.621094	69553.804688
138.581610	138.602117	5
\	42979.003906	48228.347656
138.619925	138.687381	5t
\	48228.347656	57414.699219
138.779120	138.907555	5f
\	40354.332031	45275.589844
139.695435	139.725116	5w
\	38057.746094	46587.925781
140.064552	140.116897	5t
\	52493.437500	62992.125000
140.251808	140.294979	c5
\	44619.421875	47900.261719
140.332215	140.378624	5w
\	40354.332031	49212.597656
140.660318	140.670032	c5
\	52165.355469	55446.191406
140.863224	140.882112	c5
\	45275.589844	49212.597656
140.981946	141.021340	5w
\	45603.675781	53149.605469
141.718038	141.725571	5
\	67827.437500	67827.437500
141.893944	141.922545	5t
\	62335.957031	68241.468750
142.041807	142.070947	c5
\	47572.175781	52165.355469
142.304073	142.324580	5t
\	44291.339844	49212.597656
142.408764	142.431429	c5
\	54461.941406	58070.863281
142.453555	142.481077	5w
\	48884.515625	53149.605469
144.244633	144.271075	5w
\	50853.019531	56102.363281
145.479877	145.523588	5t
\	56758.531250	61023.621094
145.653643	145.693576	c5t
\	41338.582031	46916.011719
145.924544	145.947209	c5
\	44619.421875	46259.843750
146.305532	146.339530	c5t
\	42322.832031	49540.683594
147.476020	147.501383	c5
\	43635.171875	49212.597656
147.529444	147.536460	5
\	71522.312500	72506.562500
147.649785	147.697274	c5t
\	45931.761719	46916.011719
147.816535	147.833264	5
\	44619.421875	48884.515625
148.050201	148.092833	5t
\	62007.875000	67257.218750
148.214792	148.247171	5t
\	60695.535156	63976.378906
148.739866	148.789513	5t
\	61351.707031	65944.882813
149.056636	149.108982	5t
\	55446.191406	65288.714844
149.353980	149.371249	5t
\	60367.453125	63320.210938
149.664815	149.716621	5t
\	51509.187500	58070.863281
149.789473	149.860706	5t
\	48228.347656	58727.035156
149.939494	150.033931	c5t
\	38385.828125	46259.843750
151.376026	151.392755	5t
\	47900.261719	50196.847656
151.508238	151.529284	5w
\	44291.339844	49868.765625
152.285325	152.294499	5
\	50853.019531	55118.109375
152.401888	152.450996	5t
\	52493.437500	58398.949219
152.534641	152.585367	c5t
\	46259.843750	47572.175781
152.649585	152.690598	5w
\	44947.503906	47900.261719
152.797447	152.825509	c5
\	49540.683594	51181.105469
153.141740	153.149295	5
\	62007.875000	63976.378906
153.686241	153.736967	c5t
\	37401.574219	43963.253906
154.001393	154.039707	c5t
\	46259.843750	48228.347656
154.792511	154.834603	5t
\	54461.941406	59055.121094
154.943611	154.974910	c5
\	43635.171875	48556.433594
155.438464	155.469764	c5t
\	62007.875000	72178.476563
155.795708	155.841578	5w
\	54461.941406	60039.371094
156.108702	156.141080	5t
\	61023.621094	62992.125000
156.335892	156.398491	5t
\	49868.765625	54461.941406
157.094631	157.139961	5t
\	48556.433594	54790.027344
157.285665	157.305632	5t
\	41994.750000	44619.421875
162.654042	162.696134	5t
\	56102.363281	59055.121094
163.553628	163.637273	5t
\	48556.433594	62664.039063
163.742503	163.748439	5
\	55446.191406	57414.699219
164.043085	164.050640	5
\	60367.453125	62664.039063
164.553048	164.602156	5t
\	54461.941406	56430.449219
164.616186	164.623202	5
\	55118.109375	57086.613281
164.678785	164.726274	5t
\	51837.269531	55118.109375
165.071106	165.101866	5t
\	59711.285156	63320.210938
165.314486	165.353880	5t
\	54461.941406	59711.285156
166.426152	166.471482	5t
\	56430.449219	58398.949219
166.584267	166.628518	5w
\	42650.917969	48884.515625
166.973351	166.991159	5t
\	55446.191406	60367.453125
173.221347	173.254805	c5
\	31824.144531	40682.417969
173.671410	173.719438	5t
\	53149.605469	59055.121094
173.831684	173.854349	5w
\	54790.027344	62335.957031
173.865681	173.919106	5t
\	56430.449219	64632.542969
174.182452	174.239115	c5
\	36417.324219	42322.832031
174.320601	174.372407	5t
\	42979.003906	52821.519531
174.481415	174.561822	5f
\	33464.566406	45603.675781
175.331894	175.349162	c5
\	47244.093750	50524.933594
175.702089	175.720437	c5
\	43307.089844	45275.589844
175.805161	175.822970	c5
\	46259.843750	48884.515625
175.921724	175.926581	5
\	64304.464844	65944.882813
176.283825	176.314585	5t
\	48884.515625	57086.613281
178.057635	178.065190	c5
\	58727.035156	60695.535156
180.411021	180.422893	5
\	59711.285156	61351.707031
180.546472	180.556725	5
\	42650.917969	46916.011719
180.899939	180.918826	5
\	47244.093750	50524.933594
181.329495	181.352700	5t
\	53149.605469	56758.531250
182.073664	182.089314	5t
\	56430.449219	57742.781250
182.357516	182.382880	5t
\	52165.355469	55118.109375
188.713981	188.737186	5
\	52493.437500	54133.859375
189.122491	189.177535	c5t
\	42322.832031	45603.675781
190.424112	190.465125	5t
\	52165.355469	58398.949219
190.680443	190.795387	5t
\	53477.691406	57414.699219
198.477756	198.494485	5t
\	64960.628906	66601.054688
201.402626	201.415038	5
\	46587.925781	52493.437500
202.667011	202.713421	5t
\	46916.011719	50853.019531
202.936294	203.001591	5t
\	49868.765625	58070.863281
203.096568	203.133803	c5t
\	44947.503906	46259.843750
203.230400	203.274650	c5t
\	46916.011719	51837.269531
203.525045	203.568217	5w
\	47900.261719	57742.781250
203.972410	203.978346	5
\	49868.765625	49868.765625
203.989139	203.996154	5
\	65944.882813	66929.132813
204.257881	204.298355	5t
\	56102.363281	60039.371094
204.416537	204.434885	5
\	46587.925781	49868.765625
206.411060	206.452073	5t
\	50524.933594	54790.027344
206.605332	206.638790	5t
\	46259.843750	50853.019531
206.779097	206.822808	5t
\	49212.597656	54790.027344
206.976067	207.014922	5t
\	55774.277344	61679.792969
207.027873	207.102884	5t
\	49540.683594	58727.035156
207.203797	207.279347	5t
\	53805.777344	61679.792969
207.469302	207.502220	c5
\	46259.843750	47244.093750
207.758551	207.841116	5t
\	53805.777344	56102.363281
207.856226	207.886986	c5t
\	50524.933594	52493.437500
208.482213	208.524845	5t
\	51837.269531	63648.289063
208.566398	208.620902	c5t
\	38713.910156	41666.667969
208.657597	208.719117	5w
\	61679.792969	66601.054688
209.154609	209.200479	5t
\	57742.781250	64304.464844
209.676984	209.723394	c5t
\	48228.347656	50524.933594
209.822688	209.892302	c5t
\	53149.605469	60367.453125
209.968932	210.092510	c5t
\	45603.675781	48228.347656
210.290560	210.342365	5t
\	46259.843750	56430.449219
211.293757	211.311566	5t
\	51181.105469	52821.519531
211.460507	211.492346	c5
\	49868.765625	54461.941406
213.439381	213.471760	5w
\	57086.613281	62664.039063
213.579149	213.625019	c5t
\	42650.917969	46916.011719
214.025434	214.034069	5
\	54133.859375	56430.449219
214.184629	214.231039	c5
\	42650.917969	50196.847656
214.792808	214.820869	5t
\	63648.289063	67913.382813
215.015141	215.049678	5t
\	47900.261719	52821.519531
215.160845	215.221285	c5t
\	41666.667969	42322.832031
215.323817	215.435524	c5t
\	45275.589844	45931.761719
215.519168	215.583386	5f
\	40026.246094	52165.355469
216.275749	216.298954	5t
\	54461.941406	59055.121094
216.454371	216.499162	5t
\	48556.433594	59383.203125
217.058772	217.090072	5w
\	42650.917969	48884.515625
217.527723	217.570894	c5t
\	57086.613281	58070.863281
220.345743	220.357615	5
\	55774.277344	58398.949219
222.529681	222.573392	c5t
\	42322.832031	44291.339844
222.815692	222.856705	5t
\	47244.093750	54790.027344
223.077959	223.175095	5t
\	47572.175781	53477.691406
223.319180	223.361272	c5t
\	44619.421875	49540.683594
223.483232	223.528022	c5t
\	38057.746094	45275.589844
223.762228	223.816732	5t
\	53477.691406	65944.882813
224.783234	224.843674	5t
\	55446.191406	59383.203125
224.924620	224.962395	c5
\	44619.421875	47900.261719
225.168000	225.229519	c5t
\	37729.656250	45275.589844
225.482072	225.540894	5t
\	45931.761719	55446.191406
225.660695	225.669329	5
\	60367.453125	65616.804688
225.704945	225.714659	5
\	64960.628906	69225.718750
225.798843	225.886266	c5t
\	49212.597656	54133.859375
225.995274	226.086474	5f
\	41666.667969	48556.433594
226.181991	226.224622	5
\	35433.074219	44291.339844
227.110178	227.140938	5t
\	52821.519531	61351.707031
227.178173	227.190045	5
\	46587.925781	53149.605469
227.438821	227.445836	5
\	62664.039063	64960.628906
227.996273	228.024334	c5
\	43635.171875	45275.589844
228.844691	228.862580	5
\	68607.070313	69646.570313
231.474365	231.485663	5
\	67307.695313	67307.695313
236.067726	236.077439	5
\	74475.062500	75131.226563
236.590101	236.606830	5t
\	60039.371094	61023.621094
237.209612	237.249545	c5
\	43963.253906	46259.843750
237.526922	237.556603	5t
\	50524.933594	62007.875000
237.681800	237.692593	5
\	44619.421875	47900.261719
237.805918	237.852328	5t
\	57742.781250	60039.371094
238.040124	238.075740	5t
\	56102.363281	62007.875000
238.276488	238.322357	5t
\	56430.449219	61023.621094
238.398447	238.418414	5t
\	59711.285156	60695.535156
238.507995	238.516629	5
\	64632.542969	67257.218750
238.727630	238.764326	5
\	54461.941406	61023.621094
247.441798	247.462305	5t
\	52821.519531	56758.531250
247.887004	247.897797	5
\	52493.437500	53149.605469
248.033248	248.075880	5t
\	52821.519531	61351.707031
249.011622	249.047238	5t
\	53149.605469	59711.285156
249.346201	249.390992	c5t
\	47900.261719	49868.765625
249.471399	249.497841	5w
\	54461.941406	61679.792969
249.613865	249.654877	5t
\	55118.109375	60695.535156
249.739602	249.770361	5w
\	54790.027344	59383.203125
249.866418	249.883147	5
\	57086.613281	59711.285156
250.263056	250.291657	5w
\	53805.777344	59055.121094
250.457867	250.483770	5
\	46587.925781	51509.187500
250.856125	250.876631	5
\	58398.949219	62992.125000
252.862001	252.898720	5t
\	84199.585938	84459.460938
254.026665	254.038905	5
\	67307.695313	67307.695313
254.309845	254.369745	5t
\	55118.109375	64304.464844
254.398886	254.429106	c5
\	46916.011719	48228.347656
254.569414	254.644964	5t
\	41994.750000	55774.277344
255.109057	255.131183	5t
\	57414.699219	61023.621094
256.595237	256.655677	5t
\	41994.750000	55118.109375
257.165100	257.210970	5t
\	56758.531250	60695.535156
257.316740	257.344802	5
\	48228.347656	56430.449219
257.451112	257.497521	5w
\	52493.437500	59055.121094
257.596276	257.627035	c5
\	50524.933594	60039.371094
258.928234	258.936707	5
\	74844.078125	75363.820313
259.098649	259.115597	5t
\	83679.835938	84459.460938
259.556802	259.564896	5
\	48228.347656	51509.187500
259.648499	259.678627	5t
\	75363.820313	75623.695313
259.731646	259.794245	5t
\	54133.859375	66272.968750
260.338206	260.436961	5t
\	52165.355469	68569.554688
260.530859	260.542731	5
\	57414.699219	60039.371094
260.638788	260.682499	c5t
\	59711.285156	62335.957031
260.767762	260.826044	5w
\	53477.691406	62992.125000
261.074820	261.119610	5t
\	47572.175781	51837.269531
262.302509	262.315461	5
\	39041.996094	39041.996094
262.633851	262.641945	5
\	51181.105469	54133.859375
262.712099	262.733145	c5
\	45275.589844	49868.765625
262.959256	262.991635	5t
\	52493.437500	59055.121094
263.080676	263.146512	5t
\	55774.277344	57742.781250
263.369385	263.407700	5t
\	51509.187500	59055.121094
263.531818	263.573371	5t
\	44619.421875	53805.777344
263.811354	263.855604	5t
\	52821.519531	55118.109375
264.093048	264.143235	5t
\	52821.519531	58070.863281
265.262456	265.312103	c5
\	55118.109375	55446.191406
265.533897	265.585163	5t
\	45931.761719	53149.605469
265.676902	265.731406	5f
\	31824.144531	39698.160156
265.846350	265.900854	c5t
\	53149.605469	58398.949219
266.026375	266.068744	5t
\	66528.070313	66528.070313
266.170676	266.201436	5w
\	38057.746094	41994.750000
266.314222	266.459386	5t
\	52493.437500	58070.863281
266.568933	266.582964	5
\	58727.035156	60039.371094
266.623977	266.669847	5t
\	53477.691406	63648.289063
266.774538	266.801520	c5
\	40354.332031	44619.421875
266.827962	266.886784	5t
\	55118.109375	55774.277344
267.016838	267.096165	5t
\	45931.761719	50853.019531
267.264534	267.301770	5
\	39041.996094	41338.582031
267.646063	267.662252	5t
\	43635.171875	50196.847656
267.830621	267.868935	5
\	44619.421875	53149.605469
267.973626	268.002767	5
\	48228.347656	51181.105469
269.021360	269.040190	5t
\	66008.312500	66528.070313
269.341084	269.394508	5t
\	51837.269531	58070.863281
270.477574	270.561758	5f
\	47244.093750	57414.699219
270.648101	270.678321	5w
\	49212.597656	51181.105469
270.799201	270.839135	5
\	44947.503906	50196.847656
271.402523	271.464612	5t
\	41994.750000	42650.917969
271.553623	271.609207	c5
\	36089.238281	42979.003906
271.732245	271.818049	c5t
\	40682.417969	44619.421875
271.906550	271.981561	c5t
\	39041.996094	44947.503906
272.084093	272.208751	5t
\	22637.794922	45603.675781
272.282142	272.344202	5f
\	35433.074219	41994.750000
272.493683	272.502857	5
\	59055.121094	64960.628906
273.581605	273.605889	5t
\	56102.363281	63976.378906
274.034366	274.052714	5
\	43963.253906	44947.503906
274.141755	274.171975	5
\	41994.750000	48228.347656
274.371104	274.448273	c5t
\	53805.777344	59383.203125
274.535695	274.571312	c5
\	50853.019531	56102.363281
274.682478	274.714317	5
\	46259.843750	48884.515625
274.822786	274.838435	5
\	49212.597656	50853.019531
274.985218	275.037024	c5
\	43635.171875	48228.347656
275.159523	275.211869	5t
\	52821.519531	61351.707031
275.341923	275.374841	c5
\	47900.261719	49212.597656
275.598254	275.720213	5t
\	51509.187500	53477.691406
275.828682	275.955498	c5t
\	47900.261719	61679.792969
276.046698	276.103900	5f
\	42979.003906	45275.589844
276.266333	276.346200	5t
\	58070.863281	72506.562500
276.446034	276.475175	5
\	45275.589844	50853.019531
276.616562	276.633830	5
\	56758.531250	59711.285156
276.760107	276.797342	5
\	41010.500000	44291.339844
276.922540	276.943586	5
\	43307.089844	43963.253906
277.203694	277.237152	5t
\	60695.535156	76115.492188
277.330510	277.388792	c5t
\	47244.093750	48884.515625
277.630552	277.688294	c5t
\	41010.500000	41994.750000
277.819428	277.872852	5f
\	39370.078125	44291.339844
278.069822	278.107597	5t
\	59383.203125	64632.542969
278.213907	278.275427	c5
\	39698.160156	42322.832031
278.384435	278.408719	c5
\	53149.605469	57414.699219
278.543630	278.591118	5
\	39370.078125	48228.347656
278.812257	278.831088	5t
\	83939.710938	83939.710938
278.925697	278.969409	5
\	42322.832031	48884.515625
279.720593	279.752971	5t
\	52493.437500	59383.203125
280.083773	280.136658	c5t
\	42322.832031	44291.339844
280.228937	280.255380	5
\	42322.832031	42979.003906
280.389211	280.426987	5
\	45931.761719	49212.597656
280.702745	280.762645	5t
\	65616.804688	76771.656250
280.864638	280.914825	5f
\	39698.160156	44291.339844
281.112334	281.153347	5t
\	56102.363281	62664.039063
281.185186	281.231056	5t
\	54461.941406	67257.218750
281.689753	281.707022	c5
\	54790.027344	57414.699219
281.731306	281.742099	5
\	55118.109375	59383.203125
282.099343	282.129563	5t
\	55118.109375	63648.289063
282.236952	282.273108	5
\	33792.652344	41666.667969
282.389671	282.411797	c5
\	50196.847656	51509.187500
282.541851	282.599593	5f
\	36745.406250	46259.843750
282.940108	282.974645	c5
\	42322.832031	46259.843750
283.541271	283.559619	c5
\	41994.750000	45275.589844
283.662151	283.762525	5t
\	42322.832031	58070.863281
284.417653	284.428985	5
\	52821.519531	56102.363281
284.460824	284.474315	5
\	61023.621094	63648.289063
284.682618	284.703124	5
\	60367.453125	65944.882813
284.819687	284.860160	c5
\	42650.917969	47900.261719
285.098143	285.136998	c5t
\	45603.675781	47572.175781
285.245466	285.284860	5
\	40026.246094	46916.011719
285.635089	285.702544	c5t
\	35104.984375	39698.160156
285.787269	285.867136	c5t
\	41010.500000	43307.089844
285.993412	286.054932	c5
\	41666.667969	45603.675781
286.623177	286.670665	c5t
\	41666.667969	42979.003906
286.994452	287.078097	5t
\	58727.035156	60039.371094
287.168217	287.205452	5
\	36089.238281	42322.832031
287.785030	287.806616	5t
\	50196.847656	55446.191406
289.386693	289.422849	c5
\	32808.402344	41666.667969
289.719653	289.754730	5
\	33464.566406	39041.996094
290.125465	290.175652	c5t
\	35104.984375	42650.917969
290.445474	290.524262	5t
\	44291.339844	54133.859375
290.806496	290.839414	5t
\	48884.515625	51837.269531
291.270050	291.308904	5t
\	44619.421875	54133.859375
291.409817	291.437339	5w
\	50853.019531	54461.941406
292.667727	292.691471	c5
\	47900.261719	48228.347656
293.676321	293.693590	5w
\	56758.531250	60039.371094
296.709659	296.725849	5t
\	56102.363281	59711.285156
296.968688	296.996750	c5
\	47572.175781	49868.765625
297.212607	297.237971	c5
\	45275.589844	51181.105469
298.046357	298.090608	5t
\	52821.519531	60039.371094
298.370143	298.377698	5
\	60367.453125	62664.039063
298.612443	298.631871	5t
\	47572.175781	52821.519531
298.781892	298.821825	c5t
\	41338.582031	44947.503906
300.892439	300.933451	5t
\	58070.863281	64960.628906
301.050554	301.095884	5t
\	52165.355469	56430.449219
301.302568	301.352215	c5t
\	42979.003906	57742.781250
321.020613	321.040580	5t
\	49540.683594	56430.449219
321.063785	321.084831	5t
\	55446.191406	58398.949219
321.631490	321.683835	5f
\	41666.667969	44291.339844
329.178948	329.209168	5t
\	58398.949219	59383.203125
335.934749	335.970366	c5t
\	39370.078125	42650.917969
338.015616	338.050693	5w
\	40682.417969	45931.761719
338.147289	338.182905	c5
\	39041.996094	50196.847656
338.304865	338.317816	5
\	43963.253906	47244.093750
338.422507	338.464599	5t
\	52493.437500	60367.453125
338.553101	338.591955	5t
\	55118.109375	59711.285156
340.111053	340.122385	5
\	51181.105469	51837.269531
342.050532	342.067801	5t
\	53477.691406	59383.203125
342.527038	342.567511	5t
\	52493.437500	63648.289063
342.749911	342.788765	5t
\	50853.019531	57414.699219
343.212925	343.230194	c5
\	42650.917969	46587.925781
343.246383	343.258795	5
\	50524.933594	54461.941406
343.357010	343.416371	c5t
\	46587.925781	46916.011719
343.623055	343.660830	c5
\	48884.515625	53805.777344
343.742316	343.767139	5
\	46916.011719	51181.105469
343.874320	343.942109	ct
\	74064.445313	74584.203125
344.787606	344.814588	5t
\	53477.691406	58070.863281
345.019113	345.048254	5w
\	53149.605469	57742.781250
345.150786	345.163738	5
\	48556.433594	50853.019531
345.681796	345.689351	5
\	63320.210938	68241.468750
348.337383	348.352493	5
\	46587.925781	51181.105469
349.283378	349.291473	5
\	58727.035156	62664.039063
349.322233	349.335724	5
\	63320.210938	67585.304688
349.626592	349.657891	c5
\	41010.500000	49212.597656
351.782469	351.819704	5t
\	57414.699219	66929.132813
353.124563	353.134277	5
\	58398.949219	60695.535156
357.094183	357.122784	5t
\	51181.105469	56102.363281
357.664047	357.695886	5t
\	45931.761719	54133.859375
358.401740	358.477830	5t
\	55118.109375	57086.613281
358.848565	358.899831	5t
\	44291.339844	59383.203125
359.046614	359.087627	c5t
\	41010.500000	45275.589844
359.607844	359.620795	5
\	53149.605469	54461.941406
360.231133	360.239767	5
\	52493.437500	53477.691406
365.223353	365.232768	5
\	66008.312500	66008.312500
366.438655	366.476970	5w
\	58398.949219	65944.882813
366.699303	366.737078	5t
\	55774.277344	60695.535156
367.276722	367.326369	5t
\	41338.582031	50196.847656
367.538989	367.596191	5t
\	51837.269531	59383.203125
367.800716	367.853062	c5t
\	41338.582031	47244.093750
370.781709	370.802215	5t
\	52493.437500	55774.277344
373.137794	373.169093	5t
\	64632.542969	72178.476563
374.322851	374.365483	5t
\	63648.289063	71522.312500
374.585658	374.613719	5t
\	46259.843750	51837.269531
374.708697	374.742155	5t
\	50853.019531	56758.531250
374.942362	374.984455	5t
\	49540.683594	58070.863281
375.084828	375.130159	5t
\	48228.347656	60695.535156
384.023489	384.044535	5t
\	49212.597656	54133.859375
384.365623	384.421206	5t
\	51509.187500	63320.210938
388.895933	388.929390	5t
\	56102.363281	62007.875000
391.808390	391.833753	c5t
\	43635.171875	47900.261719
392.119225	392.150524	5t
\	45931.761719	52165.355469
394.515783	394.546543	5t
\	54790.027344	59711.285156
396.289053	396.302544	5
\	51509.187500	56758.531250
396.423424	396.447708	5w
\	56758.531250	62664.039063
396.462818	396.469833	5
\	57414.699219	59055.121094
396.561033	396.592872	c5
\	38057.746094	42979.003906
396.618236	396.637123	5t
\	54133.859375	60367.453125
396.741814	396.781748	c5
\	38385.828125	41666.667969
396.896692	396.920436	c5
\	33464.566406	38385.828125
397.332184	397.362944	5t
\	52821.519531	60695.535156
397.496236	397.550740	5t
\	53149.605469	60367.453125
397.647876	397.688889	5t
\	60039.371094	63320.210938
397.782247	397.864813	c5t
\	40354.332031	47900.261719
397.939823	398.001343	5f
\	38385.828125	43963.253906
398.082289	398.122762	c5
\	47244.093750	49540.683594
399.875526	399.888477	5
\	57414.699219	59383.203125
399.908983	399.918697	5
\	62007.875000	64632.542969
400.017992	400.048212	5t
\	58727.035156	64960.628906
400.080590	400.098398	5
\	60039.371094	63976.378906
400.381704	400.414657	5t
\	64708.941406	68607.070313
400.833393	400.843107	5
\	61023.621094	62992.125000
405.594131	405.601686	5
\	54461.941406	55774.277344
405.616572	405.624104	5
\	65488.562500	65488.562500
406.171550	406.199611	5w
\	52165.355469	58398.949219
409.084008	409.119624	5t
\	46587.925781	51181.105469
409.270185	409.313356	5t
\	46916.011719	51509.187500
409.437474	409.511945	5t
\	48556.433594	59711.285156
409.635524	409.715930	c5t
\	36417.324219	45603.675781
409.854619	409.885918	5t
\	45603.675781	54133.859375
429.874325	429.886197	5
\	58727.035156	61351.707031
430.045392	430.062661	5t
\	58398.949219	61679.792969
430.452284	430.487360	c5t
\	41338.582031	48884.515625
430.585036	430.630906	5t
\	52493.437500	57414.699219
430.994626	431.070715	5t
\	47900.261719	60695.535156
431.160296	431.211023	5t
\	46587.925781	54790.027344
431.306000	431.386407	c5t
\	40354.332031	49212.597656
431.484083	431.531571	5w
\	41666.667969	49868.765625
432.425221	432.453823	c5
\	41010.500000	46587.925781
433.194754	433.229291	5t
\	51837.269531	57086.613281
433.481304	433.510445	5t
\	49540.683594	52821.519531
439.746569	439.764917	5t
\	49540.683594	54133.859375
445.754638	445.793240	5t
\	74064.445313	74064.445313
446.210423	446.250356	5t
\	64304.464844	64632.542969
450.765556	450.782285	5t
\	64304.464844	68241.468750
452.577680	452.605741	5t
\	59055.121094	59711.285156
452.790300	452.800553	5
\	69881.882813	70866.148438
452.945177	452.962446	5t
\	70538.062500	73490.812500
453.605701	453.647254	5t
\	48228.347656	55774.277344
454.190675	454.202008	5
\	53477.691406	57414.699219
462.678733	462.691684	5
\	51181.105469	57086.613281
467.540384	467.559811	5t
\	52165.355469	59711.285156
472.938981	472.976216	5t
\	44291.339844	55446.191406
473.195311	473.241181	5
\	40354.332031	43963.253906
478.302501	478.311135	5
\	51181.105469	54461.941406
482.204758	482.212290	5
\	71465.695313	71465.695313
489.550520	489.558994	5
\	53274.425781	54313.929688
492.564747	492.592269	5t
\	50196.847656	57742.781250
495.883556	495.903523	5t
\	55118.109375	64632.542969
496.099414	496.141506	5t
\	50524.933594	54790.027344
496.157695	496.174964	5t
\	62335.957031	63976.378906
496.570523	496.579157	5
\	54461.941406	59711.285156
498.287130	498.298462	5
\	55774.277344	58398.949219
499.994023	500.035576	5t
\	52165.355469	59711.285156
500.215277	500.264924	5t
\	55446.191406	62664.039063
500.505606	500.544460	ct
\	44619.421875	47900.261719
503.805527	503.829272	5t
\	47900.261719	53477.691406
504.707272	504.748825	5t
\	47572.175781	51837.269531
504.933383	504.971698	c5
\	36417.324219	39041.996094
505.587971	505.620350	5t
\	52493.437500	59711.285156
505.806527	505.855634	5t
\	49868.765625	60367.453125
505.945755	505.994323	5t
\	53477.691406	60695.535156
506.213958	506.242019	5t
\	50524.933594	56102.363281
506.352646	506.415245	c5t
\	41666.667969	49540.683594
506.516158	506.594946	5f
\	33792.652344	46916.011719
507.361241	507.381747	5t
\	55774.277344	60039.371094
507.602461	507.623507	5t
\	55118.109375	59383.203125
508.036335	508.070333	5t
\	48228.347656	58727.035156
531.577757	531.606358	5w
\	44947.503906	50853.019531
536.195489	536.212757	5t
\	48884.515625	54461.941406
538.043229	538.057800	5
\	54461.941406	57742.781250
538.083702	538.103130	5t
\	62664.039063	67585.304688
538.255309	538.285529	5t
\	59055.121094	63320.210938
540.099812	540.138126	c5
\	33464.566406	41338.582031
540.746845	540.768430	5t
\	52165.355469	58727.035156
548.373110	548.398531	5t
\	72245.320313	72765.078125
549.363337	549.414604	5t
\	50853.019531	56430.449219
549.526849	549.534944	5
\	53149.605469	54790.027344
549.567323	549.577576	5
\	58070.863281	59383.203125
549.791815	549.811781	5t
\	51181.105469	54790.027344
557.955546	557.977132	ct
\	51181.105469	54461.941406
558.082363	558.133089	5t
\	49868.765625	54461.941406
567.232757	567.253470	5t
\	67827.437500	67827.437500
567.675611	567.706370	5t
\	51837.269531	56758.531250
571.330078	571.357600	c5
\	60039.371094	64960.628906
571.462291	571.476322	5
\	55774.277344	58398.949219
573.170804	573.202642	5t
\	51509.187500	55446.191406
573.944113	573.953287	5
\	61679.792969	63976.378906
573.974873	573.986745	c5
\	59383.203125	61023.621094
575.285668	575.507461	5f
\	35104.984375	53149.605469
575.592725	575.625643	c5
\	46916.011719	48556.433594
575.651546	575.659641	5
\	68569.554688	70538.062500
576.253249	576.266740	5
\	52821.519531	57414.699219
577.778282	577.794472	5
\	60367.453125	65288.714844
578.202442	578.246154	5t
\	50524.933594	55118.109375
578.385382	578.417760	5t
\	51837.269531	54790.027344
578.520832	578.562385	c5t
\	56102.363281	60039.371094
578.827612	578.875630	5t
\	62629.937500	64189.187500
596.910502	596.932157	5t
\	64189.187500	64189.187500
597.072707	597.099150	5w
\	56430.449219	62664.039063
597.577814	597.619906	c5t
\	29855.642578	41666.667969
598.288525	598.324681	5t
\	47900.261719	55118.109375
598.440165	598.480638	5
\	35433.074219	45603.675781
603.010408	603.028216	5t
\	51837.269531	58398.949219
603.117258	603.160429	5w
\	35433.074219	42650.917969
603.471976	603.510578	5t
\	65228.691406	66008.312500
603.601858	603.628840	5t
\	50196.847656	58070.863281
603.836345	603.876831	5t
\	66787.945313	67307.695313
604.581851	604.623943	5t
\	52165.355469	58070.863281
604.705429	604.746442	5
\	40354.332031	46916.011719
610.698174	610.698174	end
\	96456.695313	96456.695313
