27.120542	27.162191	sk
\	34383.031250	40167.093750
29.326858	29.338757	5
\	55591.257813	60089.976563
29.683308	29.714680	5t
\	52056.554688	57519.281250
31.867989	31.907474	c5
\	31812.339844	48521.851563
32.135191	32.177922	c5
\	41452.441406	48521.851563
33.219148	33.248356	c5
\	40809.769531	44344.472656
33.625361	33.646997	5t
\	52377.890625	57840.617188
34.786665	34.818037	5t
\	56876.605469	62982.007813
34.934330	34.951098	c5
\	54627.250000	57519.281250
34.965702	34.974356	5
\	60089.976563	63303.343750
35.175029	35.196665	5w
\	47879.179688	57519.281250
35.412482	35.420055	5
\	55591.257813	57197.941406
36.485080	36.523483	5t
\	45951.156250	53341.902344
39.528703	39.561157	5t
\	47236.503906	54305.910156
39.718017	39.752093	5w
\	38881.750000	41452.441406
40.618068	40.671617	c5t
\	47879.179688	55269.921875
42.333808	42.340414	5
\	70764.460938	70764.460938
42.649675	42.663197	5
\	54627.250000	57519.281250
42.765427	42.784358	5t
\	55591.257813	59768.636719
43.065083	43.094292	5t
\	52377.890625	59768.636719
43.384753	43.438302	5t
\	44987.144531	68766.062500
43.651956	43.674673	5t
\	48200.515625	53663.238281
43.809357	43.840729	5t
\	56555.269531	62017.996094
43.957021	43.972166	c5
\	53341.902344	56555.269531
43.987852	44.006243	5t
\	67159.382813	74550.132813
44.111718	44.130649	5t
\	61053.984375	64588.687500
44.356744	44.366480	5
\	54627.250000	59125.964844
44.402179	44.436255	5t
\	61696.660156	64588.687500
44.539026	44.592575	5t
\	53341.902344	67159.382813
44.830028	44.840846	5
\	53020.566406	56876.605469
45.561320	45.582415	c5t
\	46915.167969	56233.929688
45.623523	45.653813	5t
\	53984.574219	61375.320313
45.796069	45.823114	5t
\	53341.902344	55912.593750
46.076253	46.124684	c5t
\	62017.996094	63946.015625
46.363469	46.393759	5t
\	63624.679688	70051.414063
46.606332	46.672979	5t
\	60089.976563	62017.996094
46.778337	46.810249	5t
\	55591.257813	63303.343750
47.015249	47.043376	5t
\	59447.300781	62339.332031
47.475011	47.535528	c5t
\	54948.585938	56876.605469
47.632953	47.702187	5t
\	60089.976563	63303.343750
47.801171	47.840657	5t
\	56233.929688	65552.695313
48.296633	48.303123	5
\	47236.503906	50771.207031
48.431316	48.462688	c5
\	45951.156250	50128.535156
48.918060	48.931272	5
\	75929.750000	75929.750000
51.577710	51.607459	5t
\	48200.515625	54948.585938
51.849240	51.878448	5w
\	50449.871094	55912.593750
52.724410	52.756323	5t
\	51413.882813	59447.300781
52.780658	52.815575	5t
\	76704.546875	78512.398438
53.066256	53.109528	5t
\	53020.566406	63946.015625
53.575240	53.618511	5t
\	49164.527344	52377.890625
53.735886	53.761849	c5t
\	53020.566406	61053.984375
53.905727	53.947917	5t
\	48200.515625	56876.605469
54.203220	54.217825	5
\	48843.187500	55269.921875
54.277323	54.305991	5
\	33097.687500	44023.136719
54.733840	54.751689	5
\	50771.207031	54305.910156
54.860950	54.878259	5
\	59447.300781	65552.695313
55.675540	55.707994	5w
\	51735.218750	57840.617188
55.829155	55.840513	5
\	49485.863281	51413.882813
56.083376	56.110421	5w
\	33097.687500	43059.125000
56.351120	56.371133	5
\	39845.757813	49807.199219
56.514470	56.524747	5
\	57197.941406	59447.300781
56.731370	56.761660	5
\	61696.660156	66838.046875
58.372449	58.382726	5
\	54627.250000	57840.617188
58.488201	58.513623	5w
\	43701.796875	45951.156250
59.228688	59.243833	5
\	41452.441406	44665.808594
60.322380	60.332117	5
\	54627.250000	57519.281250
60.693976	60.734003	5t
\	53020.566406	58483.292969
60.994715	61.062327	5t
\	42095.117188	57519.281250
61.197010	61.219187	5t
\	49164.527344	54305.910156
61.503698	61.557788	5t
\	48200.515625	54627.250000
62.044053	62.085702	5t
\	55912.593750	59447.300781
62.672034	62.703947	5t
\	52056.554688	60089.976563
62.841335	62.862430	5t
\	61696.660156	64910.023438
63.016585	63.045252	5t
\	57840.617188	62339.332031
63.196703	63.206440	5
\	65231.359375	66838.046875
63.351941	63.400621	c5
\	35668.378906	47236.503906
63.804130	63.831175	5t
\	61696.660156	64267.351563
63.988035	64.030766	5t
\	50449.871094	58483.292969
64.245501	64.265515	5t
\	60089.976563	64588.687500
64.514327	64.555976	c5t
\	53020.566406	62017.996094
64.742585	64.752862	5
\	55912.593750	62339.332031
65.200724	65.227228	5w
\	40488.433594	46272.492188
65.333244	65.365698	5t
\	59125.964844	66516.710938
65.541489	65.567452	5w
\	41773.777344	47236.503906
68.210288	68.217838	5
\	69731.406250	69989.664063
68.391480	68.432059	5t
\	63791.320313	67407.023438
69.005389	69.037302	5t
\	55912.593750	62339.332031
70.136944	70.163989	5t
\	54305.910156	60411.312500
70.479872	70.499886	5t
\	52699.230469	57519.281250
70.994806	71.026178	5t
\	51413.882813	57840.617188
71.071613	71.104608	c5
\	38239.074219	44344.472656
71.210623	71.254977	5
\	40809.769531	44344.472656
71.355584	71.382087	c5
\	43701.796875	46272.492188
71.398855	71.435095	5t
\	52377.890625	59125.964844
71.453486	71.460517	5
\	53020.566406	55591.257813
72.042522	72.076598	5
\	37275.066406	42416.453125
72.518511	72.536360	5t
\	50771.207031	57840.617188
72.679698	72.766782	ct
\	48521.851563	62660.671875
72.864684	72.984222	c5t
\	34061.695313	62982.007813
73.389895	73.405040	5t
\	48200.515625	52699.230469
73.640330	73.670620	5t
\	49807.199219	57197.941406
73.996780	74.027611	5w
\	41452.441406	50449.871094
74.229907	74.246134	5
\	41131.105469	44987.144531
74.358640	74.429497	5t
\	45629.820313	53663.238281
74.734022	74.742135	5
\	53341.902344	55912.593750
74.842201	74.891964	5t
\	56876.605469	63946.015625
74.980130	75.021238	5t
\	60411.312500	73264.781250
75.110486	75.118599	5
\	44987.144531	45629.820313
75.137531	75.159167	c5t
\	35989.714844	40167.093750
76.139271	76.150629	5
\	53663.238281	58161.957031
77.248649	77.318960	5t
\	57519.281250	62339.332031
77.425599	77.457685	5t
\	68440.078125	69731.406250
77.559123	77.570482	5
\	50449.871094	53341.902344
78.084307	78.104125	5t
\	72314.046875	72572.312500
78.304479	78.334228	5w
\	61053.984375	66516.710938
78.345587	78.383990	5
\	69087.398438	77120.828125
78.523132	78.559936	5t
\	68181.820313	70247.929688
78.656602	78.715648	5t
\	60089.976563	67480.718750
78.830230	78.850243	5t
\	69730.078125	74871.468750
78.976813	79.020625	5t
\	57840.617188	61053.984375
79.123396	79.166667	5t
\	63624.679688	70372.750000
79.282419	79.311628	5t
\	59447.300781	65231.359375
81.089013	81.096045	5
\	38239.074219	40488.433594
81.314567	81.322139	5
\	59447.300781	62339.332031
81.506585	81.538498	5t
\	58161.957031	62982.007813
81.624500	81.655872	5t
\	58483.292969	65874.031250
81.761347	81.769460	5
\	53984.574219	55591.257813
81.812732	81.907389	5t
\	56876.605469	68123.390625
81.998800	82.035581	c5
\	50771.207031	58161.957031
82.168101	82.189196	5t
\	62339.332031	66838.046875
82.302784	82.361742	5w
\	56233.929688	67480.718750
82.465594	82.509407	5w
\	59125.964844	68123.390625
82.644631	82.675462	5t
\	62017.996094	62339.332031
82.741992	82.776609	c5
\	40167.093750	45629.820313
82.910211	82.935092	5w
\	36632.390625	42737.789063
82.951319	82.988641	5w
\	54305.910156	62017.996094
83.105474	83.130356	5
\	38881.750000	44344.472656
83.313719	83.333733	5t
\	65552.695313	66516.710938
83.448944	83.478152	5w
\	39203.085938	44665.808594
83.677743	83.711819	5t
\	52699.230469	65874.031250
83.828653	83.857320	5w
\	54948.585938	63946.015625
84.413903	84.439866	c5
\	45629.820313	52056.554688
84.460420	84.471238	5
\	46915.167969	49807.199219
85.652014	85.670405	5w
\	59125.964844	67480.718750
86.554770	86.578570	c5
\	41452.441406	45951.156250
86.921498	86.941511	c5
\	42416.453125	49164.527344
87.261181	87.288226	5t
\	47557.843750	56233.929688
87.896042	87.922466	5t
\	48521.851563	59125.964844
88.340529	88.348078	5
\	63533.058594	63533.058594
88.500374	88.567445	5t
\	41452.441406	57197.941406
88.661020	88.698342	5t
\	49807.199219	57519.281250
88.820585	88.852498	5t
\	48521.851563	57840.617188
88.971495	89.013685	5w
\	45629.820313	54627.250000
89.293869	89.358236	5t
\	48521.851563	60732.648438
90.047338	90.072219	c5
\	37917.738281	42095.117188
91.645686	91.679222	5t
\	48521.851563	55591.257813
91.932361	91.964274	5t
\	51092.546875	56233.929688
92.217955	92.262849	5t
\	47879.179688	59447.300781
92.522479	92.545197	5t
\	56876.605469	60732.648438
92.679880	92.708548	5t
\	45951.156250	53020.566406
93.573441	93.623744	c5t
\	38239.074219	45308.480469
93.735710	93.804404	5t
\	44344.472656	59125.964844
93.899601	93.945037	5t
\	46915.167969	54627.250000
94.927845	94.965167	c5
\	39524.421875	45308.480469
95.476314	95.503900	5t
\	59125.964844	64588.687500
95.732595	95.748638	5t
\	82386.367188	82644.625000
95.787870	95.820865	5t
\	53663.238281	59768.636719
95.929044	95.949057	5
\	46272.492188	51735.218750
96.653305	96.668450	5
\	37275.066406	42095.117188
96.936734	96.945389	5
\	62982.007813	66516.710938
96.984333	97.013541	5t
\	48521.851563	57197.941406
97.259649	97.295348	5w
\	33097.687500	44665.808594
97.454372	97.487367	c5
\	47557.843750	57840.617188
97.713461	97.756733	5
\	41773.777344	45629.820313
97.970387	97.997973	5w
\	53984.574219	62017.996094
98.086680	98.115347	5
\	40488.433594	47557.843750
98.314397	98.354423	c5
\	37596.402344	44987.144531
98.721692	98.753605	c5
\	37596.402344	43701.796875
98.860161	98.899647	c5
\	39203.085938	41452.441406
98.998631	99.035953	c5
\	45951.156250	48843.187500
99.125201	99.166309	c5t
\	49485.863281	58161.957031
99.404303	99.423235	5
\	38560.414063	45629.820313
99.686651	99.705582	5w
\	43380.460938	46915.167969
100.012271	100.041479	5
\	34704.367188	44344.472656
103.056976	103.088889	c5t
\	42416.453125	46915.167969
103.206263	103.238176	c5t
\	44023.136719	46593.828125
103.650880	103.712542	c5t
\	44344.472656	60089.976563
103.734178	103.752569	5
\	69408.734375	74871.468750
103.769877	103.778532	5
\	72300.765625	75514.140625
103.808281	103.818558	5
\	69087.398438	72300.765625
104.312396	104.351341	c5
\	40809.769531	47557.843750
104.624494	104.666143	5
\	37275.066406	44665.808594
104.936050	104.974454	5t
\	56233.929688	65874.031250
105.684650	105.718727	c5
\	47557.843750	50449.871094
105.924808	105.953476	5w
\	51092.546875	63303.343750
106.047592	106.089241	c5t
\	44987.144531	57197.941406
106.648528	106.678818	c5
\	46915.167969	53663.238281
106.775097	106.794570	5w
\	63946.015625	68766.062500
107.953710	107.972642	5t
\	45951.156250	56233.929688
108.644411	108.651017	5
\	86776.859375	86776.859375
108.697984	108.725569	5t
\	58483.292969	63946.015625
108.804540	108.815358	5
\	62339.332031	62660.671875
108.946255	108.992231	c5
\	37596.402344	46593.828125
109.109065	109.130701	c5
\	34061.695313	40167.093750
109.236717	109.258893	5
\	38881.750000	43701.796875
109.469843	109.501756	c5t
\	35668.378906	42416.453125
109.598576	109.619671	5
\	40167.093750	45629.820313
110.126491	110.144341	5t
\	62660.671875	67159.382813
110.473746	110.520804	5t
\	48200.515625	57519.281250
110.907004	110.919445	5
\	67159.382813	69408.734375
111.077928	111.090909	5
\	52699.230469	55269.921875
111.585829	111.596647	5
\	63624.679688	66838.046875
111.866014	111.884404	5t
\	56555.269531	65552.695313
111.903876	111.909826	5
\	68766.062500	71336.757813
112.016383	112.035314	5
\	67480.718750	71658.093750
112.162966	112.171620	5
\	60732.648438	65231.359375
112.297108	112.307385	5
\	62339.332031	66838.046875
112.442837	112.463599	5t
\	80061.984375	80061.984375
112.644363	112.678981	5t
\	51735.218750	58161.957031
113.150101	113.179310	5t
\	45951.156250	53663.238281
114.419044	114.506669	5t
\	40809.769531	62660.671875
114.957777	115.011326	5t
\	50449.871094	60411.312500
115.231470	115.280151	5t
\	56555.269531	62660.671875
116.763289	116.801692	5w
\	46593.828125	57840.617188
117.784501	117.794237	5
\	61696.660156	65552.695313
118.098762	118.127970	5t
\	49807.199219	54948.585938
118.467653	118.498484	5t
\	43380.460938	47557.843750
118.875489	118.907943	5t
\	50128.535156	57197.941406
118.991241	119.000977	5
\	56876.605469	57840.617188
119.186504	119.204354	5w
\	60411.312500	65552.695313
119.375818	119.404486	5w
\	55269.921875	62017.996094
119.477507	119.511042	5t
\	49485.863281	59125.964844
119.762559	119.800422	c5
\	39203.085938	43701.796875
120.488442	120.529009	5
\	39845.757813	45629.820313
121.906131	121.922358	5
\	40809.769531	44344.472656
123.116657	123.140997	5
\	44344.472656	51413.882813
123.720838	123.754374	5
\	48843.187500	56233.929688
123.893925	123.927461	c5
\	43059.125000	48843.187500
124.176273	124.187091	5
\	56233.929688	59125.964844
124.302302	124.329887	5
\	43059.125000	49164.527344
124.630085	124.655507	5w
\	42737.789063	50128.535156
125.021153	125.045493	5
\	39524.421875	48843.187500
126.737958	126.783393	c5t
\	49807.199219	57519.281250
131.375603	131.387503	5
\	59768.636719	63624.679688
131.422661	131.477832	ct
\	58804.628906	69408.734375
131.986816	132.014942	5
\	43380.460938	51735.218750
132.509863	132.534744	c5
\	43380.460938	48521.851563
132.616488	132.624982	5
\	77479.343750	77479.343750
132.661313	132.695931	5w
\	41131.105469	47236.503906
132.830073	132.867936	c5
\	49807.199219	60411.312500
133.072395	133.100521	c5
\	38239.074219	47557.843750
133.231418	133.267647	5t
\	69087.398438	74550.132813
133.338425	133.366736	5t
\	69989.664063	71797.523438
133.451670	133.471488	5t
\	89359.507813	89876.031250
133.836681	133.857235	5
\	46272.492188	51413.882813
134.108752	134.136879	c5
\	34383.031250	41452.441406
134.193132	134.215850	5
\	40167.093750	48843.187500
134.507934	134.523079	5
\	40488.433594	45308.480469
134.644780	134.669662	c5
\	38881.750000	44023.136719
134.859516	134.900624	5t
\	52377.890625	59125.964844
135.073711	135.134832	c5t
\	54305.910156	63946.015625
135.198658	135.283579	c5t
\	40167.093750	53984.574219
135.482629	135.522655	5t
\	52699.230469	67159.382813
135.656797	135.708723	c5
\	58483.292969	70372.750000
135.899119	135.918591	5t
\	61375.320313	65552.695313
135.979712	136.019739	5
\	37596.402344	44344.472656
136.137654	136.179844	c5t
\	50449.871094	65231.359375
136.216084	136.247456	c5
\	34704.367188	43701.796875
136.390253	136.431902	c5t
\	35025.707031	45308.480469
136.467601	136.494646	5w
\	55269.921875	60089.976563
136.639065	136.704513	ct
\	49164.527344	62660.671875
136.819184	136.859751	c5
\	46272.492188	49485.863281
137.113431	137.174552	5t
\	50128.535156	58483.292969
137.308154	137.367652	c5t
\	43380.460938	48843.187500
137.484486	137.526676	c5
\	38881.750000	49164.527344
137.590502	137.628364	c5
\	40809.769531	47236.503906
137.744116	137.817137	c5t
\	39203.085938	48200.515625
137.838232	137.846887	5
\	55591.257813	57197.941406
138.055673	138.094617	c5
\	47236.503906	51092.546875
138.196306	138.237955	c5
\	42416.453125	54305.910156
138.371015	138.407796	5w
\	53663.238281	60411.312500
138.556002	138.586833	c5t
\	41773.777344	46272.492188
138.619827	138.737202	c5t
\	40167.093750	52377.890625
138.839431	138.892980	5f
\	35025.707031	44344.472656
139.145579	139.182360	c5t
\	46272.492188	52056.554688
139.332729	139.402504	5t
\	46915.167969	57197.941406
139.487966	139.532860	5
\	40488.433594	45951.156250
139.792491	139.841712	c5
\	40488.433594	47236.503906
139.947728	139.971527	5w
\	35989.714844	40809.769531
140.533519	140.560563	5w
\	41131.105469	44344.472656
141.910100	141.944717	c5
\	36632.390625	43059.125000
142.099954	142.130244	c5t
\	39524.421875	44344.472656
142.218411	142.266009	5
\	41131.105469	46593.828125
142.550905	142.569779	5
\	49070.246094	49845.039063
142.790138	142.823674	c5
\	41452.441406	44665.808594
144.167801	144.186732	5t
\	56233.929688	58483.292969
144.262458	144.271112	5
\	58804.628906	61053.984375
144.367933	144.386323	c5
\	42095.117188	46593.828125
145.497324	145.537891	5t
\	51092.546875	57519.281250
145.595226	145.603340	5
\	60732.648438	62339.332031
145.648775	145.684474	5w
\	37596.402344	43380.460938
146.392508	146.427125	c5
\	40167.093750	45308.480469
146.662956	146.694328	c5
\	37596.402344	41773.777344
146.802507	146.827388	5
\	41452.441406	48521.851563
146.942058	146.981544	5t
\	50128.535156	54305.910156
147.052942	147.092427	c5
\	41452.441406	46272.492188
147.190330	147.250369	5f
\	41131.105469	47236.503906
147.262810	147.319063	5t
\	56555.269531	61053.984375
147.518654	147.544617	c5
\	41131.105469	49164.527344
147.691200	147.760975	c5t
\	39203.085938	48521.851563
147.839405	147.878891	c5
\	40488.433594	47236.503906
147.956239	147.992479	c5
\	43701.796875	50449.871094
148.100658	148.140684	c5
\	42416.453125	46593.828125
148.261304	148.294299	5w
\	40488.433594	47236.503906
148.417623	148.437636	5
\	43380.460938	48200.515625
148.554470	148.587465	c5
\	42095.117188	45951.156250
149.120789	149.141884	5t
\	55591.257813	62982.007813
149.252767	149.274403	5
\	37917.738281	44023.136719
149.384746	149.420445	c5
\	39203.085938	43059.125000
149.531515	149.557939	5
\	52427.687500	52427.687500
149.818545	149.860735	c5
\	56876.605469	58161.957031
149.984600	150.005154	5t
\	47879.179688	52056.554688
150.113333	150.144705	5w
\	40167.093750	44987.144531
150.273439	150.282634	5
\	55912.593750	57519.281250
150.498451	150.543887	c5t
\	33740.359375	42737.789063
150.591486	150.649902	5t
\	46593.828125	58804.628906
150.767277	150.807303	c5t
\	50771.207031	61375.320313
150.854361	150.905206	c5t
\	42416.453125	45951.156250
151.073965	151.166999	5t
\	43380.460938	53663.238281
151.248675	151.280047	5t
\	52056.554688	62660.671875
151.568885	151.587817	c5
\	39203.085938	43380.460938
152.100045	152.114650	5t
\	61375.320313	64588.687500
152.164412	152.175771	5
\	53020.566406	55269.921875
153.096377	153.135862	c5t
\	52377.890625	60732.648438
154.128948	154.155992	5t
\	50771.207031	57840.617188
154.299871	154.308525	5
\	61053.984375	64910.023438
154.398314	154.430768	5t
\	45951.156250	51735.218750
155.249685	155.289711	c5t
\	36632.390625	42416.453125
155.300529	155.308642	5
\	59125.964844	62660.671875
155.608299	155.643457	5
\	34061.695313	43701.796875
155.945900	155.965717	5t
\	75929.750000	76188.015625
156.087533	156.116742	c5
\	43059.125000	49164.527344
156.196794	156.204367	5
\	57519.281250	60411.312500
156.572717	156.601385	5
\	35025.707031	40167.093750
156.734986	156.765276	c5t
\	38560.414063	43701.796875
157.063310	157.103336	c5
\	35347.042969	41773.777344
157.273178	157.280210	5
\	59768.636719	65231.359375
157.542003	157.550117	5
\	48200.515625	51735.218750
158.386883	158.423664	c5t
\	47236.503906	57519.281250
158.722780	158.740630	5t
\	55269.921875	61053.984375
158.895867	158.931566	c5t
\	34061.695313	44344.472656
159.133605	159.140862	5
\	73863.632813	74121.898438
159.185246	159.205800	5t
\	47879.179688	58161.957031
159.707752	159.716947	5
\	62339.332031	64267.351563
160.616999	160.632144	5
\	50449.871094	55269.921875
160.844175	160.871220	c5t
\	54627.250000	60089.976563
161.005903	161.027539	c5
\	59125.964844	62982.007813
161.130850	161.141127	5
\	54948.585938	59447.300781
161.284465	161.295283	5
\	66516.710938	68766.062500
161.527868	161.535441	5
\	51735.218750	54948.585938
162.591271	162.600466	5
\	57519.281250	61053.984375
162.693500	162.718381	c5t
\	63303.343750	71658.093750
162.760998	162.786395	5t
\	69989.664063	71539.250000
162.879027	162.908777	5t
\	52377.890625	63624.679688
162.953130	162.965030	5
\	62982.007813	66838.046875
163.082404	163.086732	5
\	50771.207031	52377.890625
163.311744	163.323103	5
\	62339.332031	65874.031250
163.472391	163.497272	c5t
\	67159.382813	71336.757813
164.079276	164.112271	5t
\	58161.957031	65552.695313
164.384342	164.453036	5t
\	43701.796875	56555.269531
164.559051	164.571492	5
\	49807.199219	54627.250000
164.697521	164.762969	5t
\	51413.882813	58161.957031
164.778655	164.808405	5w
\	49807.199219	57197.941406
165.011156	165.054694	5t
\	67665.289063	69989.664063
165.143220	165.180227	5t
\	67923.554688	68698.343750
165.297375	165.372517	ct
\	56876.605469	62017.996094
165.558087	165.571609	c5
\	26992.287109	31491.003906
165.775527	165.802031	5t
\	43701.796875	50771.207031
165.925355	165.990804	5t
\	56233.929688	65231.359375
166.061661	166.160104	5t
\	42737.789063	57519.281250
166.239075	166.278561	5t
\	59447.300781	66195.375000
166.303983	166.351041	c5
\	38881.750000	45951.156250
166.617703	166.650157	c5
\	44987.144531	51413.882813
166.721014	166.735077	5
\	71336.757813	75514.140625
166.747574	166.774422	5t
\	86518.593750	88842.976563
166.872465	166.937687	c5t
\	43059.125000	50449.871094
167.041225	167.075842	5w
\	56233.929688	61375.320313
167.245142	167.280842	c5
\	33419.023438	39845.757813
167.565353	167.656054	5t
\	56233.929688	62982.007813
167.751962	167.822279	5w
\	58804.628906	67159.382813
167.835260	167.842833	5
\	56233.929688	59447.300781
167.881777	167.920722	c5
\	35025.707031	41452.441406
168.100300	168.179811	5t
\	63303.343750	82583.546875
168.485418	168.530312	c5t
\	36953.730469	42416.453125
168.628214	168.646064	5
\	39845.757813	42737.789063
168.861882	168.899203	c5
\	39524.421875	46272.492188
169.144229	169.188583	c5
\	36311.054688	44344.472656
169.288649	169.318939	c5
\	47557.843750	53984.574219
169.383306	169.405482	c5
\	45629.820313	49485.863281
169.642395	169.665654	5
\	45308.480469	53020.566406
169.804664	169.831709	5
\	44665.808594	49807.199219
169.863622	169.917170	5t
\	51092.546875	57519.281250
169.971801	169.997223	5
\	44023.136719	49164.527344
170.143265	170.240626	5t
\	57840.617188	75514.140625
170.478621	170.534874	5t
\	53984.574219	66516.710938
170.630072	170.649544	5
\	51092.546875	57519.281250
170.944332	170.984900	c5t
\	36632.390625	43380.460938
171.123369	171.152037	5w
\	50771.207031	55591.257813
171.287261	171.312683	c5
\	38239.074219	41773.777344
171.427353	171.466297	5t
\	54305.910156	56555.269531
171.592326	171.636139	c5
\	38560.414063	43059.125000
171.754054	171.764872	5
\	46593.828125	50128.535156
171.923355	171.967167	c5
\	37275.066406	42416.453125
172.083460	172.140254	c5
\	37596.402344	48200.515625
172.384739	172.419357	c5
\	44023.136719	48521.851563
172.684937	172.719554	c5t
\	39524.421875	46915.167969
172.866137	172.895886	5
\	38881.750000	43059.125000
173.013802	173.044633	5w
\	40167.093750	44665.808594
173.147944	173.271268	5f
\	37596.402344	44344.472656
173.374580	173.387020	5
\	44987.144531	48200.515625
173.489791	173.570925	5t
\	54627.250000	58483.292969
173.711558	173.745634	c5
\	39203.085937	45574.508404
173.813696	173.841995	5t
\	62982.007813	65874.031250
173.996610	174.026360	c5
\	62017.996094	65874.031250
174.162125	174.185924	c5
\	48521.851563	49164.527344
174.329262	174.353061	c5
\	44987.144531	45308.480469
174.429025	174.439909	5
\	71280.992188	71539.250000
174.617559	174.662454	5t
\	48843.187500	53984.574219
174.932902	174.959406	5w
\	55269.921875	60411.312500
175.005923	175.017282	5
\	44665.808594	49485.863281
175.153047	175.172519	5
\	51413.882813	59447.300781
175.363455	175.382387	5w
\	43059.125000	47236.503906
175.690157	175.706384	5
\	60089.976563	64910.023438
175.732888	175.768046	5
\	39203.085938	47879.179688
175.884339	175.906515	5t
\	51092.546875	57519.281250
175.996845	176.030921	5t
\	58804.628906	65874.031250
176.082307	176.110974	5
\	38881.750000	44023.136719
176.242412	176.311106	c5t
\	61696.660156	63303.343750
176.481488	176.519892	5t
\	59768.636719	67480.718750
176.622121	176.669720	5w
\	52056.554688	61696.660156
177.201962	177.220352	5
\	58161.957031	62017.996094
177.769903	177.791539	5t
\	57840.617188	62339.332031
178.210734	178.223174	5
\	40488.433594	42737.789063
178.461709	178.490918	c5t
\	62982.007813	71015.421875
178.578002	178.596934	c5
\	65552.695313	70694.085938
178.610997	178.630469	c5
\	40809.769531	43701.796875
178.721881	178.734321	5
\	73264.781250	77120.828125
178.875495	178.913899	c5
\	54305.910156	59768.636719
179.222751	179.250336	5w
\	43059.125000	47557.843750
179.392592	179.402869	5
\	58483.292969	60732.648438
179.778251	179.799346	c5
\	48843.187500	52699.230469
179.871826	179.890758	5
\	59447.300781	64267.351563
180.041668	180.071958	c5
\	44023.136719	49807.199219
180.221786	180.243422	c5
\	39845.757813	44344.472656
180.500889	180.530638	c5
\	43380.460938	48521.851563
180.689121	180.735097	5t
\	54305.910156	60411.312500
180.847062	180.907102	c5
\	42416.453125	46593.828125
181.029344	181.058553	5
\	40488.433594	44665.808594
181.119674	181.174845	5t
\	54627.250000	62982.007813
181.230017	181.276534	5t
\	53663.238281	62660.671875
181.352800	181.383091	c5
\	42737.789063	46593.828125
181.504251	181.539950	5w
\	37917.738281	40488.433594
181.688697	181.710333	5t
\	50128.535156	52699.230469
181.848261	181.890451	c5t
\	44665.808594	48521.851563
182.106269	182.146295	c5t
\	40809.769531	44023.136719
182.317759	182.353999	5t
\	66195.375000	71658.093750
182.442706	182.480569	c5
\	43701.796875	45951.156250
182.666097	182.692601	5w
\	40167.093750	49164.527344
183.282177	183.322204	c5t
\	38239.074219	44987.144531
183.467164	183.509354	5w
\	52056.554688	56555.269531
183.872836	183.880950	5
\	63946.015625	65552.695313
184.085949	184.112994	5w
\	56233.929688	57840.617188
184.372971	184.386032	5
\	72572.312500	72830.578125
184.982215	184.997360	5
\	54948.585938	57519.281250
185.432381	185.443265	5
\	80061.984375	80836.781250
185.682675	185.698902	5
\	55269.921875	58483.292969
186.086184	186.107820	5t
\	51413.882813	54305.910156
186.430839	186.440998	5
\	69214.875000	69214.875000
186.863452	186.907265	5t
\	51092.546875	58483.292969
187.389744	187.410839	5
\	42416.453125	45629.820313
187.534163	187.571485	c5
\	35025.707031	40488.433594
187.847342	187.878714	5t
\	45951.156250	51735.218750
187.973912	188.005825	5w
\	38239.074219	43701.796875
188.725261	188.756463	5t
\	71280.992188	72055.789063
189.113581	189.159557	c5
\	44344.472656	53020.566406
189.285586	189.315876	c5
\	41452.441406	44987.144531
189.769147	189.811878	5t
\	51413.882813	62017.996094
190.039595	190.060690	5t
\	46272.492188	51735.218750
190.117484	190.320320	c5t
\	50449.871094	62017.996094
190.617813	190.649185	5t
\	53984.574219	60089.976563
190.837958	190.853644	5
\	54948.585938	58483.292969
190.995359	191.022404	5w
\	62339.332031	64910.023438
191.143565	191.196572	5w
\	54948.585938	64910.023438
191.596295	191.650384	5t
\	44023.136719	54948.585938
191.798049	191.816981	5w
\	41131.105469	45951.156250
191.990067	192.023062	5w
\	53663.238281	61375.320313
192.339592	192.347574	5
\	67923.554688	68181.820313
192.463893	192.472547	5
\	47879.179688	50128.535156
193.292546	193.343390	5t
\	49164.527344	55269.921875
193.406134	193.422361	c5
\	51735.218750	56876.605469
193.521345	193.539735	5
\	41773.777344	47879.179688
193.862110	193.877796	5
\	58161.957031	61053.984375
194.188811	194.199629	5
\	62017.996094	62982.007813
194.446818	194.486845	5t
\	30526.992188	43701.796875
194.496581	194.504153	5
\	58804.628906	62982.007813
194.615037	194.669668	5t
\	47557.843750	54305.910156
194.761079	194.775143	5
\	54627.250000	58483.292969
194.836805	194.852491	5
\	38881.750000	44344.472656
194.909285	194.928757	5t
\	56555.269531	60732.648438
195.114285	195.124562	5
\	49807.199219	52377.890625
195.208400	195.219218	5
\	57840.617188	61053.984375
195.300894	195.310089	5
\	61375.320313	63624.679688
195.504812	195.545379	5w
\	48843.187500	59768.636719
195.802846	195.849363	5w
\	49485.863281	57197.941406
196.032726	196.058149	5
\	59125.964844	67802.054688
196.263689	196.313993	5t
\	50771.207031	58483.292969
196.437188	196.488707	5t
\	58626.035156	59917.355469
196.582818	196.622844	5w
\	52699.230469	62660.671875
196.720206	196.755905	c5
\	49164.527344	56876.605469
197.152382	197.194031	5t
\	50771.207031	62660.671875
197.284361	197.441220	5t
\	39845.757813	65552.695313
198.916245	198.936799	5w
\	57840.617188	63946.015625
199.063909	199.089872	c5
\	47236.503906	51413.882813
199.135849	199.142339	5
\	50771.207031	54305.910156
199.215901	199.249437	5w
\	55269.921875	62660.671875
199.392234	199.450109	5t
\	40488.433594	58804.628906
199.470295	199.480454	5
\	88842.976563	89617.765625
199.567484	199.597233	5w
\	48200.515625	59125.964844
199.709199	199.724885	5
\	60089.976563	65231.359375
199.768526	199.796100	5t
\	80334.187500	83226.218750
199.886072	199.919607	5w
\	54627.250000	62017.996094
200.157061	200.229541	c5t
\	40488.433594	52699.230469
201.164751	201.202614	5w
\	55269.921875	64588.687500
201.397336	201.410318	5
\	56876.605469	60089.976563
201.423840	201.449803	c5
\	51413.882813	56555.269531
201.858721	201.871161	5
\	61053.984375	64910.023438
201.891715	201.918219	c5
\	42737.789063	49164.527344
202.020449	202.052362	5w
\	54948.585938	64588.687500
202.179472	202.218958	5w
\	52056.554688	60411.312500
202.386636	202.430448	c5
\	50449.871094	62017.996094
202.716041	202.773376	c5t
\	48521.851563	54627.250000
203.163363	203.179590	5
\	60732.648438	66195.375000
203.235302	203.265592	5t
\	51413.882813	58804.628906
203.341318	203.383507	c5
\	53341.902344	66195.375000
203.604193	203.625829	c5
\	73907.460938	79370.179688
203.950908	203.976330	5t
\	56876.605469	62660.671875
204.272741	204.281395	5
\	60089.976563	62017.996094
204.443123	204.491263	c5t
\	56555.269531	61696.660156
204.601606	204.628110	c5t
\	52377.890625	57840.617188
204.779020	204.815260	5t
\	56233.929688	65552.695313
204.970497	205.045141	c5t
\	62660.671875	72622.109375
205.456222	205.488676	5w
\	52699.230469	61053.984375
205.536275	205.573597	c5t
\	41452.441406	49164.527344
205.599019	205.613623	5
\	55912.593750	60411.312500
205.657977	205.722884	5t
\	50128.535156	61375.320313
205.794282	205.851076	c5
\	57197.941406	65552.695313
206.110707	206.137211	5w
\	54305.910156	58483.292969
206.287039	206.321115	5t
\	53984.574219	58483.292969
206.424967	206.464453	c5
\	50449.871094	57519.281250
206.494743	206.536392	5t
\	55591.257813	63946.015625
206.616986	206.682434	5f
\	47879.179688	60732.648438
206.815495	206.855521	c5
\	54948.585938	63946.015625
206.880402	206.915560	5t
\	53663.238281	61696.660156
207.108660	207.140573	5w
\	57840.617188	63946.015625
207.275257	207.327183	c5
\	53663.238281	65231.359375
207.431576	207.479174	c5
\	51413.882813	61053.984375
207.580322	207.611694	c5t
\	48521.851563	55591.257813
207.713923	207.768013	c5t
\	47557.843750	56233.929688
207.900533	207.908105	5
\	85796.914063	87403.593750
207.960031	208.002762	5t
\	53341.902344	62017.996094
208.076324	208.159622	c5
\	43701.796875	56555.269531
208.494437	208.513909	5t
\	52699.230469	58483.292969
208.747035	208.779489	5t
\	51413.882813	59125.964844
209.311190	209.339858	5w
\	57840.617188	62339.332031
209.699013	209.758512	c5
\	53020.566406	61053.984375
210.123617	210.166347	5w
\	56555.269531	62339.332031
210.324289	210.368643	c5
\	40809.769531	47236.503906
210.644500	210.675872	5w
\	50449.871094	56233.929688
210.793246	210.827323	c5
\	41452.441406	46593.828125
210.903048	210.944697	5w
\	42095.117188	55269.921875
211.105343	211.157810	c5
\	53341.902344	64267.351563
211.213523	211.223800	5
\	53984.574219	56876.605469
211.260581	211.289789	5w
\	53341.902344	59768.636719
211.436913	211.462876	c5
\	49164.527344	54948.585938
211.617572	211.685725	5w
\	47557.843750	62982.007813
211.760369	211.773891	5
\	53341.902344	55591.257813
211.797150	211.806886	5
\	56233.929688	58804.628906
211.889643	211.898297	5
\	53020.566406	56233.929688
211.994577	212.046503	c5
\	33097.687500	42416.453125
212.214722	212.254748	5w
\	42416.453125	52377.890625
212.773468	212.810789	5w
\	46593.828125	56233.929688
214.006711	214.029429	c5
\	38881.750000	42095.117188
214.377766	214.389666	5
\	48200.515625	51413.882813
214.527053	214.593043	c5t
\	55912.593750	57840.617188
214.865114	214.906222	c5
\	52377.890625	61053.984375
215.025219	215.056050	c5
\	52056.554688	63303.343750
215.211287	215.275113	5w
\	58161.957031	64588.687500
215.381670	215.421155	c5
\	49485.863281	62339.332031
216.296054	216.338141	5t
\	48843.187500	52377.890625
216.465626	216.491589	5w
\	55269.921875	62660.671875
216.603554	216.618700	c5
\	56876.605469	62017.996094
216.692245	216.740862	5t
\	78254.132813	78770.656250
216.840467	216.898884	5w
\	45308.480469	60089.976563
217.045467	217.097393	c5
\	47879.179688	62339.332031
217.274807	217.289411	5
\	58804.628906	64910.023438
217.448975	217.486838	5w
\	55912.593750	67802.054688
217.615031	217.678856	c5
\	48200.515625	59447.300781
217.911442	217.933619	5t
\	58161.957031	63303.343750
218.212721	218.233275	c5
\	50449.871094	51092.546875
218.306241	218.313829	5
\	76188.015625	76188.015625
218.452338	218.506969	5f
\	43701.796875	61053.984375
218.680055	218.698987	5w
\	53341.902344	57519.281250
218.858551	218.903446	c5
\	56555.269531	67159.382813
219.060846	219.110068	c5
\	52377.890625	62660.671875
219.330213	219.375648	5
\	46593.828125	57519.281250
219.557930	219.615806	5w
\	46272.492188	60732.648438
219.744539	219.782943	5w
\	57197.941406	65231.359375
219.792138	219.821347	5t
\	51092.546875	58483.292969
219.923576	219.951703	5
\	44344.472656	55591.257813
220.100990	220.115594	5t
\	61696.660156	65231.359375
220.168061	220.189156	5
\	57840.617188	62982.007813
220.269750	220.305990	c5
\	41773.777344	48200.515625
220.432560	220.461768	5t
\	56876.605469	61053.984375
220.555343	220.591583	5w
\	56233.929688	63946.015625
220.753311	220.794419	5w
\	53663.238281	58804.628906
220.931266	220.968047	5w
\	57197.941406	61696.660156
221.023759	221.031332	5
\	54948.585938	56233.929688
221.108139	221.157901	c5
\	52056.554688	58804.628906
221.264458	221.297994	5w
\	46272.492188	55912.593750
221.451067	221.526252	c5
\	46593.828125	61696.660156
221.587373	221.598732	5
\	52377.890625	55269.921875
221.682571	221.762083	c5t
\	45308.480469	62339.332031
221.867017	221.916238	c5
\	45308.480469	52056.554688
222.048758	222.116911	c5
\	38239.074219	59768.636719
222.286211	222.302979	5
\	60411.312500	64267.351563
222.351119	222.360314	5
\	58483.292969	61053.984375
222.499865	222.556659	c5
\	51092.546875	64267.351563
222.849825	222.869838	5
\	59768.636719	62982.007813
222.888770	222.894720	5
\	65552.695313	67802.054688
223.523782	223.543254	5
\	55591.257813	59447.300781
223.587608	223.645484	5t
\	50449.871094	63303.343750
223.854811	223.906196	c5
\	42737.789063	46915.167969
225.125917	225.147553	5w
\	47879.179688	54305.910156
225.657077	225.671140	5
\	54305.910156	56555.269531
226.083844	226.108726	5w
\	51735.218750	57197.941406
226.270454	226.307234	c5
\	50771.207031	59447.300781
226.915292	226.929521	5
\	66373.968750	66890.492188
227.597813	227.643789	5t
\	41452.441406	49164.527344
227.788749	227.843921	5w
\	47557.843750	57197.941406
227.878538	227.910992	5t
\	53984.574219	59447.300781
228.007272	228.077047	c5t
\	51092.546875	64910.023438
228.191717	228.223630	c5
\	49807.199219	55269.921875
228.353445	228.385358	5
\	50771.207031	61375.320313
228.410239	228.443234	5w
\	37917.738281	46272.492188
228.550872	228.574131	5
\	40167.093750	44023.136719
229.413061	229.442810	c5
\	41452.441406	47557.843750
229.616979	229.643483	5w
\	51735.218750	55912.593750
229.906899	229.950171	c5
\	39203.085938	44987.144531
230.245501	230.270382	5w
\	55912.593750	59447.300781
230.325012	230.346648	5
\	39203.085938	43701.796875
230.736634	230.771252	5w
\	53341.902344	62660.671875
231.036832	231.066040	5w
\	49164.527344	53984.574219
231.374892	231.404641	5w
\	60411.312500	67480.718750
231.771369	231.802741	c5
\	45308.480469	52377.890625
232.110511	232.146751	c5
\	34383.031250	48843.187500
232.838558	232.862357	5w
\	30205.656250	37275.066406
232.875879	232.883993	5
\	44665.808594	48521.851563
233.142000	233.163636	5t
\	46272.492188	51735.218750
233.318333	233.362145	c5t
\	42737.789063	52056.554688
233.589863	233.614203	c5
\	40809.769531	43701.796875
233.680733	233.722382	c5
\	33740.359375	47236.503906
233.821907	233.854361	5
\	37596.402344	45951.156250
234.066933	234.116696	c5
\	42737.789063	55912.593750
234.427170	234.461787	c5
\	46593.828125	54305.910156
234.598634	234.626220	5
\	35347.042969	41452.441406
234.740349	234.750085	5
\	52377.890625	53984.574219
234.854478	234.897209	c5t
\	39203.085938	47236.503906
235.005388	235.015665	5
\	56233.929688	58161.957031
235.028106	235.035137	5
\	56876.605469	58483.292969
235.059478	235.090850	5
\	52056.554688	52699.230469
235.375361	235.442973	c5t
\	39845.757813	45951.156250
235.499767	235.530599	5
\	36632.390625	41131.105469
235.697735	235.790229	5t
\	49485.863281	59125.964844
236.189951	236.251072	5w
\	50128.535156	59447.300781
236.364120	236.442550	5t
\	48843.187500	62982.007813
236.700016	236.722734	5t
\	55912.593750	62339.332031
236.900689	236.943961	c5
\	37596.402344	42416.453125
237.403722	237.446453	5t
\	43380.460938	53341.902344
237.877548	237.886743	5
\	44665.808594	46915.167969
237.973286	238.003577	c5
\	40488.433594	46272.492188
238.103101	238.133392	5t
\	49164.527344	57197.941406
238.263207	238.301069	c5
\	37917.738281	42737.789063
238.393563	238.440080	5t
\	45308.480469	48200.515625
238.519051	238.551504	5t
\	47879.179688	58483.292969
238.659143	238.713232	c5
\	35668.378906	42737.789063
239.079419	239.156227	c5t
\	41773.777344	56555.269531
239.301187	239.325527	5w
\	35025.707031	39845.757813
239.447229	239.507268	5f
\	36632.390625	44023.136719
239.608957	239.628970	c5
\	42095.117188	45308.480469
240.337544	240.347280	5
\	43059.125000	43380.460938
240.468441	240.505222	5
\	40167.093750	46915.167969
240.599879	240.667491	5f
\	41452.441406	49807.199219
240.774588	240.814074	c5
\	40167.093750	47879.179688
241.101831	241.128875	5w
\	36311.054688	40167.093750
241.224614	241.287899	c5t
\	39203.085938	49485.863281
241.374983	241.432859	5f
\	36311.054688	45308.480469
241.719534	241.747120	5
\	35989.714844	40488.433594
241.861249	241.895866	c5
\	41452.441406	49164.527344
242.110061	242.185787	5f
\	33740.359375	45308.480469
242.412422	242.442713	c5
\	44987.144531	45951.156250
242.567119	242.625536	c5
\	47236.503906	61696.660156
242.698557	242.722356	5
\	42095.117188	46915.167969
242.840812	243.006867	c5
\	25706.941406	59768.636719
243.210785	243.250271	c5
\	38239.074219	44665.808594
243.901510	243.945323	c5t
\	33097.687500	38239.074219
244.076760	244.148159	c5t
\	35989.714844	39203.085938
244.226048	244.407248	5f
\	18316.195313	44665.808594
244.624688	244.672287	c5t
\	35989.714844	41773.777344
248.257348	248.275198	5
\	52377.890625	52699.230469
248.750646	248.774445	5
\	40167.093750	45629.820313
249.233125	249.253138	5
\	39524.421875	43059.125000
249.388903	249.434338	c5
\	37596.402344	45951.156250
249.517096	249.563613	5
\	29562.982422	37917.738281
249.837847	249.880037	5
\	32133.675781	40167.093750
250.296134	250.306568	5
\	71539.250000	71797.523438
250.398757	250.417147	c5
\	40167.093750	43701.796875
250.538308	250.552371	c5
\	64910.023438	65552.695313
251.424296	251.489204	5t
\	50771.207031	62982.007813
252.090139	252.104744	5
\	60089.976563	63946.015625
252.532052	252.564505	5t
\	49485.863281	53020.566406
252.852262	252.872275	c5
\	32133.675781	36953.730469
254.479819	254.518223	c5
\	42095.117188	44665.808594
254.757299	254.780017	c5t
\	38239.074219	39524.421875
254.911996	254.962299	5f
\	50771.207031	51413.882813
255.223011	255.249515	5
\	27956.296875	31491.003906
255.661678	255.681691	5
\	43380.460938	46272.492188
256.177152	256.209065	5
\	32455.011719	36311.054688
256.495740	256.522785	c5t
\	33419.023438	39203.085938
256.626637	256.670449	5
\	30848.330078	39524.421875
256.818655	256.846782	c5t
\	35668.378906	43380.460938
256.901953	256.931702	5t
\	52699.230469	58161.957031
257.016082	257.029605	5
\	53984.574219	58161.957031
257.514248	257.539129	5w
\	55269.921875	62017.996094
257.624641	257.638870	5t
\	75671.484375	76446.281250
257.670172	257.687246	5t
\	66115.703125	66373.968750
257.857717	257.886384	5w
\	39203.085938	44023.136719
258.274207	258.306120	c5
\	40488.433594	44344.472656
258.725315	258.741541	5
\	40167.093750	45308.480469
258.891370	258.905974	5
\	47557.843750	54948.585938
259.156409	259.176422	5t
\	53020.566406	58161.957031
262.786905	262.800427	5
\	51735.218750	54305.910156
262.839372	262.852894	5
\	54305.910156	59768.636719
263.488988	263.536962	c5t
\	48843.187500	53984.574219
264.296547	264.323591	5w
\	43701.796875	52056.554688
264.583763	264.628116	c5t
\	39845.757813	45308.480469
265.217152	265.256097	c5
\	39203.085938	43380.460938
265.372389	265.411334	5t
\	46272.492188	55591.257813
265.523300	265.534117	5
\	52699.230469	54305.910156
265.578471	265.604434	5
\	42737.789063	45951.156250
265.646083	265.669342	c5
\	32455.011719	39845.757813
265.780766	265.801861	5t
\	48843.187500	54305.910156
265.999288	266.025792	5w
\	48521.851563	54948.585938
266.120990	266.153985	5w
\	56876.605469	60732.648438
266.241610	266.296781	c5
\	50449.871094	61053.984375
266.474736	266.501781	5w
\	51092.546875	61696.660156
266.633219	266.660264	5t
\	55269.921875	61053.984375
266.689946	266.704175	5t
\	71022.726563	73088.835938
266.823073	266.888522	5t
\	44665.808594	55269.921875
266.922598	266.979933	5t
\	51413.882813	56555.269531
266.995078	267.028073	5w
\	56555.269531	62660.671875
267.194128	267.227123	5
\	37917.738281	47879.179688
267.818323	267.839958	c5
\	36311.054688	41452.441406
268.242926	268.269971	5
\	34061.695313	40488.433594
269.984071	270.043029	5t
\	48200.515625	56233.929688
270.143095	270.162567	5t
\	57197.941406	60089.976563
270.610429	270.654783	c5
\	33419.023438	38239.074219
271.013938	271.025297	5
\	51413.882813	57197.941406
271.180534	271.233542	c5t
\	32133.675781	39203.085938
271.600270	271.612710	5
\	50771.207031	53984.574219
271.836641	271.862604	c5
\	36311.054688	42737.789063
272.236905	272.261245	5
\	35025.707031	39203.085938
272.806468	272.835677	c5
\	34704.367188	39524.421875
273.377655	273.408486	5w
\	45308.480469	50449.871094
274.484329	274.554105	c5
\	50449.871094	65874.031250
274.898655	274.931109	5
\	47236.503906	55269.921875
279.920340	279.939311	5
\	58626.035156	59917.355469
285.175686	285.187585	5
\	58483.292969	61053.984375
285.419630	285.432070	5
\	58804.628906	61053.984375
285.663818	285.685635	5
\	73347.109375	73605.375000
286.201766	286.224484	5w
\	58804.628906	65231.359375
286.234220	286.242874	5
\	62660.671875	64588.687500
286.928731	286.935221	5
\	58161.957031	59768.636719
287.173757	287.192147	c5
\	64588.687500	70372.750000
287.282477	287.294376	5
\	56876.605469	60411.312500
287.721144	287.747648	5t
\	66195.375000	68123.390625
287.889903	287.922357	5t
\	55591.257813	62017.996094
287.939125	287.946697	5
\	54305.910156	55912.593750
288.169891	288.230598	5t
\	66373.968750	67148.757813
288.259876	288.270153	5
\	53020.566406	56233.929688
288.317752	288.337225	c5
\	45308.480469	50449.871094
288.481103	288.513016	5t
\	47879.179688	57519.281250
288.585496	288.610377	5w
\	60411.312500	64910.023438
288.729374	288.765614	c5
\	51092.546875	58483.292969
289.001445	289.040931	c5
\	41773.777344	47557.843750
289.367632	289.385482	5t
\	65874.031250	69087.398438
289.529901	289.559650	c5
\	38881.750000	44344.472656
289.947473	289.964782	c5
\	42095.117188	48521.851563
290.109201	290.140573	c5
\	33740.359375	42416.453125
290.453752	290.462406	5
\	44344.472656	47879.179688
290.484583	290.518119	c5
\	44987.144531	53020.566406
290.577617	290.602498	5w
\	43380.460938	49485.863281
291.000057	291.020611	5w
\	41773.777344	49485.863281
291.337576	291.352722	5
\	49807.199219	53984.574219
291.447919	291.478750	c5
\	38239.074219	41773.777344
291.783275	291.814106	5w
\	42737.789063	48200.515625
292.780147	292.823960	5t
\	32455.011719	39203.085938
292.957020	292.974870	5
\	34704.367188	38560.414063
293.895347	293.923803	5t
\	62758.265625	63274.792969
295.529523	295.550618	5
\	51413.882813	55591.257813
295.768599	295.782662	5
\	54305.910156	58804.628906
295.863256	295.916805	c5t
\	47236.503906	58161.957031
296.046079	296.067715	5t
\	49164.527344	57197.941406
296.222952	296.261356	c5t
\	54948.585938	60411.312500
296.394416	296.475551	c5t
\	47557.843750	59447.300781
296.623756	296.650260	5
\	38881.750000	43701.796875
296.766012	296.791434	5w
\	54627.250000	63624.679688
297.173540	297.198202	5t
\	73605.375000	74896.695313
297.296090	297.308531	5
\	55591.257813	58483.292969
297.707712	297.732053	5t
\	58161.957031	65231.359375
298.064163	298.086881	5w
\	53020.566406	57840.617188
301.798511	301.815820	5t
\	46915.167969	51413.882813
301.832047	301.851519	5t
\	48521.851563	56555.269531
302.736966	302.758061	5t
\	51735.218750	58483.292969
302.886254	302.896531	5
\	55591.257813	57840.617188
303.540738	303.575897	5t
\	49807.199219	60411.312500
304.169801	304.185487	5w
\	51413.882813	57519.281250
305.803308	305.829271	c5
\	39524.421875	44344.472656
306.190049	306.223584	5t
\	56555.269531	60732.648438
306.411275	306.447515	5t
\	51092.546875	54948.585938
306.469151	306.523782	5t
\	51092.546875	59125.964844
306.774757	306.808834	c5t
\	47236.503906	51413.882813
307.019243	307.074414	c5
\	34061.695313	40167.093750
307.381102	307.417342	c5
\	45308.480469	51735.218750
307.535799	307.577988	5w
\	49485.863281	55912.593750
307.672104	307.716999	c5
\	36632.390625	43380.460938
308.355797	308.392578	5t
\	48843.187500	59768.636719
308.604610	308.642472	c5
\	31491.003906	39203.085938
308.738278	308.751557	5
\	50878.101563	51394.625000
309.177419	309.192023	c5
\	52699.230469	55912.593750
309.217986	309.233131	5
\	33419.023438	34704.367188
309.254226	309.282894	c5
\	46272.492188	54305.910156
309.675584	309.707497	5t
\	45308.480469	52056.554688
310.068816	310.103433	c5
\	41452.441406	45951.156250
310.274357	310.307892	5
\	40488.433594	46272.492188
310.433921	310.472866	c5t
\	57197.941406	60089.976563
310.582127	310.613499	5
\	34704.367188	42737.789063
310.624857	310.636757	5
\	50128.535156	56876.605469
311.155477	311.170622	c5
\	59447.300781	59447.300781
311.284210	311.293946	5
\	61696.660156	63624.679688
313.066463	313.086477	5t
\	50128.535156	56555.269531
315.613544	315.643834	5w
\	39845.757813	44665.808594
316.572013	316.640165	c5t
\	51735.218750	59125.964844
316.887896	316.925218	ct
\	48521.851563	57197.941406
319.347892	319.369528	5
\	32776.347656	38239.074219
320.015359	320.034290	5t
\	57197.941406	62982.007813
320.249567	320.268498	5
\	63303.343750	69087.398438
320.421031	320.450239	5w
\	50128.535156	61375.320313
321.929591	321.943113	5
\	56555.269531	59125.964844
322.548917	322.572716	c5
\	39203.085938	41131.105469
322.912399	322.934035	5t
\	54305.910156	56555.269531
325.229599	325.292884	c5t
\	34704.367188	57197.941406
325.934387	325.956564	5
\	40809.769531	44344.472656
325.993345	326.100442	5t
\	47557.843750	61053.984375
326.200508	326.251352	5w
\	52699.230469	65231.359375
326.315178	326.351959	5t
\	45308.480469	51092.546875
326.426062	326.466629	5
\	42737.789063	46593.828125
326.530996	326.582381	5f
\	54948.585938	64267.351563
326.549386	326.580217	5
\	41452.441406	49164.527344
327.763698	327.782630	5t
\	59768.636719	64267.351563
327.796152	327.823197	c5
\	38239.074219	45308.480469
327.893513	327.911363	5
\	58161.957031	63303.343750
327.989252	328.003856	5
\	64267.351563	68123.390625
328.194793	328.202906	5
\	59125.964844	63303.343750
328.952588	328.976929	5t
\	50771.207031	57197.941406
329.521070	329.532429	5
\	60732.648438	67480.718750
329.643854	329.686044	c5t
\	47879.179688	65874.031250
329.769342	329.776914	5
\	51735.218750	55912.593750
329.913220	329.942429	5t
\	53341.902344	69087.398438
329.955951	329.964605	5
\	72622.109375	74550.132813
330.051149	330.082521	5w
\	60089.976563	67159.382813
330.358378	330.375146	5
\	55591.257813	63946.015625
330.494684	330.528219	5t
\	52699.230469	62017.996094
330.707797	330.729974	5t
\	63624.679688	68444.726563
330.906306	330.951200	5w
\	54305.910156	62660.671875
331.022058	331.031794	5
\	56555.269531	59768.636719
331.132401	331.163773	c5
\	38560.414063	45308.480469
331.369854	331.386622	5
\	68444.726563	74228.796875
331.411503	331.418535	5
\	58483.292969	60411.312500
331.499669	331.509405	5
\	59447.300781	62339.332031
331.631648	331.645711	5
\	62982.007813	66838.046875
332.233125	332.263956	5t
\	61375.320313	66195.375000
332.359694	332.393230	5w
\	53020.566406	61375.320313
332.540276	332.554504	5
\	56818.183594	57851.238281
332.654483	332.687478	5w
\	59768.636719	68123.390625
332.907081	332.935749	5t
\	62660.671875	70051.414063
333.032569	333.084495	5t
\	49164.527344	63946.015625
333.160762	333.175907	5
\	54948.585938	60411.312500
333.268941	333.278136	5
\	70694.085938	71979.429688
333.300313	333.315999	5
\	46593.828125	49485.863281
333.384693	333.394429	5
\	65552.695313	71336.757813
333.536685	333.603756	5t
\	53341.902344	65552.695313
333.887726	333.904494	5
\	54627.250000	62660.671875
333.993201	334.031064	c5
\	56555.269531	63624.679688
334.140866	334.153847	5
\	62660.671875	65231.359375
334.265813	334.301512	5w
\	53020.566406	60411.312500
334.401578	334.434573	c5t
\	62339.332031	68123.390625
334.527607	334.541129	5
\	57197.941406	62017.996094
334.589810	334.602791	5
\	68444.726563	70372.750000
334.662290	334.696907	5t
\	54948.585938	63946.015625
334.798055	334.835377	5w
\	41452.441406	45951.156250
335.493107	335.518529	5w
\	67159.382813	67802.054688
335.624004	335.669439	5w
\	51413.882813	62017.996094
335.733265	335.823053	5t
\	43701.796875	67802.054688
336.131364	336.139478	5
\	78727.507813	80012.851563
336.423645	336.469176	5t
\	72055.789063	75413.218750
336.547855	336.568409	5t
\	52699.230469	56555.269531
336.715532	336.798830	c5t
\	35668.378906	46915.167969
336.874015	336.903764	5w
\	52699.230469	65231.359375
337.016812	337.033039	5
\	56876.605469	62017.996094
337.082260	337.134186	5t
\	52699.230469	58161.957031
337.219648	337.280228	5t
\	54305.910156	61053.984375
337.427352	337.482523	5w
\	49485.863281	57519.281250
337.609634	337.656692	c5
\	56876.605469	65874.031250
337.766494	337.781639	c5
\	66195.375000	66838.046875
337.843842	337.850333	5
\	56876.605469	58161.957031
338.214356	338.244105	5
\	51735.218750	62339.332031
338.257087	338.287377	c5
\	44344.472656	48843.187500
338.410161	338.421519	5
\	60089.976563	60411.312500
338.555121	338.595147	5
\	34704.367188	42737.789063
338.751466	338.762825	5
\	42737.789063	48200.515625
338.870463	338.935371	5f
\	29241.646484	40167.093750
339.040846	339.061941	5
\	41131.105469	45951.156250
339.187724	339.196261	5
\	72572.312500	72572.312500
339.537389	339.568761	5w
\	57840.617188	65231.359375
339.655304	339.686135	5t
\	62660.671875	70694.085938
339.924129	339.934406	5
\	64267.351563	67159.382813
340.046372	340.104248	5t
\	46593.828125	57197.941406
340.263812	340.276794	5
\	62017.996094	65231.359375
340.390923	340.465567	5t
\	75514.140625	83868.890625
340.545078	340.576450	5t
\	53020.566406	60732.648438
340.881516	340.909102	5t
\	29884.318359	37917.738281
341.197399	341.248784	c5
\	45629.820313	60089.976563
341.431607	341.453243	c5
\	44023.136719	51735.218750
341.658243	341.682583	5t
\	50449.871094	66195.375000
341.783731	341.808612	5
\	50771.207031	58483.292969
341.963309	341.980617	c5
\	41452.441406	44023.136719
342.293255	342.310564	5t
\	51413.882813	56555.269531
343.874836	343.891063	c5
\	52377.890625	58161.957031
343.997079	344.022501	5t
\	54305.910156	63624.679688
344.456926	344.462618	5
\	77479.343750	77479.343750
344.679149	344.694294	c5
\	59768.636719	61053.984375
344.807882	344.819241	c5
\	48521.851563	51092.546875
344.999360	345.009637	5
\	62339.332031	64910.023438
345.084821	345.092394	5
\	55269.921875	57197.941406
345.661586	345.669175	5
\	67665.289063	67665.289063
345.682455	345.688146	5
\	67148.757813	67148.757813
347.736836	347.748195	5
\	54948.585938	59125.964844
348.847837	348.854869	5
\	53663.238281	55269.921875
349.033364	349.089077	c5
\	49485.863281	62017.996094
349.616991	349.643495	5
\	33740.359375	40809.769531
349.683522	349.690553	5
\	62982.007813	65231.359375
350.205487	350.220632	5
\	57840.617188	62017.996094
350.383442	350.396964	5
\	59768.636719	64588.687500
350.513426	350.520066	5
\	72314.046875	72572.312500
350.663085	350.702029	5w
\	56876.605469	65552.695313
350.730156	350.772346	5t
\	56233.929688	62660.671875
350.837794	350.905407	5t
\	49164.527344	57840.617188
350.987623	351.030894	c5
\	47236.503906	52377.890625
351.305670	351.340828	5t
\	47557.843750	56555.269531
351.447926	351.473889	5w
\	58483.292969	65874.031250
351.576659	351.582609	5
\	78084.835938	79691.515625
351.738387	351.776250	5
\	45308.480469	54305.910156
351.956368	351.985576	5
\	41131.105469	46915.167969
352.439388	352.463729	5w
\	56233.929688	62017.996094
352.701723	352.733636	5w
\	55912.593750	64267.351563
352.876974	352.913755	5t
\	61696.660156	65874.031250
353.033293	353.078728	5w
\	50771.207031	62017.996094
353.411920	353.428688	5t
\	61053.984375	67802.054688
353.526590	353.540653	5
\	58804.628906	65231.359375
353.653701	353.666682	5
\	58161.957031	62339.332031
353.850587	353.863568	5
\	58804.628906	67159.382813
353.947948	353.963093	5
\	58161.957031	63946.015625
354.052341	354.065864	5
\	58161.957031	62017.996094
354.453686	354.461259	5
\	71336.757813	71979.429688
354.485599	354.492090	5
\	52377.890625	53341.902344
354.587288	354.613792	c5
\	53663.238281	62660.671875
354.703580	354.734952	c5
\	35025.707031	41452.441406
354.828528	354.860981	c5
\	35668.378906	43701.796875
355.054081	355.075717	5w
\	61375.320313	66838.046875
355.288289	355.297485	5
\	62660.671875	65231.359375
355.486798	355.501943	5
\	57519.281250	66516.710938
355.786455	355.815122	5t
\	55912.593750	65231.359375
356.093754	356.124107	5
\	74896.695313	75671.484375
356.172655	356.197536	c5
\	38881.750000	45629.820313
356.334924	356.346823	5
\	57840.617188	65874.031250
356.753578	356.787654	5w
\	53663.238281	62339.332031
357.205226	357.216585	5
\	56555.269531	60411.312500
357.971676	357.980871	5
\	62982.007813	64910.023438
358.360580	358.368694	5
\	65552.695313	70051.414063
358.973416	359.025883	5t
\	48200.515625	63303.343750
359.114049	359.208706	c5t
\	49485.863281	62660.671875
359.420196	359.451568	5t
\	49164.527344	60089.976563
359.848045	359.917821	5t
\	46915.167969	59447.300781
360.010855	360.092531	5t
\	46593.828125	61696.660156
361.181896	361.221381	5w
\	57197.941406	67159.382813
361.985127	362.011090	c5
\	60411.312500	65874.031250
362.723450	362.779703	c5
\	58161.957031	71658.093750
362.895996	362.905191	5
\	59447.300781	62660.671875
363.447710	363.478001	5t
\	48521.851563	58804.628906
364.113013	364.122749	5
\	54305.910156	57519.281250
364.460809	364.475954	5
\	54627.250000	59768.636719
365.086020	365.091712	5
\	62500.000000	63274.792969
366.911982	366.925261	5
\	68956.617188	68956.617188
366.948027	366.991660	5t
\	69214.875000	69214.875000
367.200449	367.215594	5
\	62339.332031	68444.726563
367.625053	367.649934	5t
\	55912.593750	64588.687500
367.864129	367.878192	5
\	43701.796875	47557.843750
368.112941	368.117809	5
\	55591.257813	55912.593750
368.290355	368.353640	5t
\	52056.554688	74871.468750
368.443429	368.455869	5
\	74550.132813	79048.843750
368.505091	368.532136	5t
\	52699.230469	57197.941406
369.154707	369.167689	5
\	58483.292969	60411.312500
371.543306	371.575219	5t
\	55269.921875	60411.312500
372.048387	372.062615	5t
\	75413.218750	76188.015625
372.696497	372.725164	5t
\	53663.238281	58483.292969
372.864174	372.876074	5
\	66195.375000	68444.726563
373.692287	373.719332	5t
\	54627.250000	63624.679688
373.893500	373.929199	5
\	35989.714844	45951.156250
374.018988	374.039001	5
\	44344.472656	47557.843750
374.931480	374.970425	c5
\	34704.367188	40809.769531
375.269540	375.279817	5
\	49807.199219	54948.585938
377.086411	377.099934	5
\	53984.574219	57197.941406
377.260580	377.281675	c5
\	46915.167969	53663.238281
377.945354	377.955632	5
\	58161.957031	61375.320313
378.713968	378.752372	5t
\	53020.566406	59768.636719
378.846488	378.862174	5
\	56555.269531	61696.660156
378.974680	378.999021	ct
\	63624.679688	69087.398438
379.264601	379.305168	5w
\	45951.156250	53020.566406
379.427951	379.447964	5
\	43059.125000	48200.515625
380.621169	380.640100	5t
\	42095.117188	49807.199219
382.563527	382.590031	5w
\	38560.414063	43380.460938
383.031943	383.053038	5t
\	50771.207031	54948.585938
383.918473	383.970399	c5
\	36311.054688	45629.820313
384.391757	384.424211	c5
\	39524.421875	44023.136719
386.224314	386.271372	c5t
\	38560.414063	46915.167969
386.602958	386.621929	5t
\	67148.757813	68181.820313
386.737083	386.764128	c5t
\	55591.257813	57519.281250
386.862030	386.897189	c5
\	45308.480469	49485.863281
387.757755	387.798322	c5t
\	37275.066406	42737.789063
388.115287	388.163427	5t
\	41773.777344	54305.910156
388.581540	388.599930	5t
\	47879.179688	55269.921875
388.752376	388.784626	5t
\	66632.234375	67665.289063
388.888019	388.940189	5t
\	63016.527344	63791.320313
389.340478	389.360397	5t
\	68440.078125	69214.875000
389.447515	389.457251	5
\	57197.941406	58804.628906
389.652514	389.727699	5t
\	46915.167969	59125.964844
390.175020	390.202606	5t
\	53984.574219	58804.628906
390.328635	390.362170	5w
\	50128.535156	55912.593750
390.829505	390.845732	5
\	44987.144531	49807.199219
391.038291	391.055600	5
\	37917.738281	42095.117188
391.241374	391.260345	5
\	75413.218750	76188.015625
391.384464	391.397446	5
\	56876.605469	60089.976563
391.450056	391.491792	5t
\	73347.109375	74121.898438
391.589464	391.622459	5w
\	57840.617188	62017.996094
391.850176	391.879385	5
\	39203.085938	45629.820313
392.156864	392.174173	5
\	47557.843750	52377.890625
392.230426	392.248817	5t
\	45629.820313	55912.593750
392.289384	392.381877	c5t
\	40488.433594	66195.375000
392.451653	392.551178	c5t
\	46272.492188	61696.660156
393.020676	393.057457	5t
\	55591.257813	58804.628906
393.125069	393.193763	c5t
\	52377.890625	62017.996094
393.283011	393.345755	c5
\	49807.199219	60411.312500
393.430134	393.466915	5w
\	54305.910156	61375.320313
394.108959	394.118154	5
\	62982.007813	63946.015625
394.797520	394.839169	5t
\	49485.863281	56876.605469
395.063100	395.097177	c5
\	41452.441406	46915.167969
395.603456	395.611569	5
\	52699.230469	56555.269531
395.744630	395.765725	5
\	56233.929688	58161.957031
396.182378	396.206092	5t
\	74638.429688	75154.960938
396.247828	396.271542	5t
\	61983.468750	63791.320313
396.381265	396.411014	5t
\	57840.617188	62982.007813
396.555974	396.596001	5t
\	52377.890625	59768.636719
396.717361	396.773326	5t
\	56818.183594	58626.035156
396.863203	396.912425	c5
\	49807.199219	59447.300781
397.046567	397.072530	5w
\	53020.566406	59768.636719
397.228849	397.261844	5w
\	56876.605469	64910.023438
397.370023	397.409509	5w
\	54948.585938	62339.332031
397.545814	397.602609	5t
\	41131.105469	56876.605469
397.681039	397.725933	5w
\	56876.605469	70051.414063
397.814099	397.849257	5
\	59768.636719	67480.718750
397.941751	397.955273	5
\	57519.281250	62982.007813
399.232329	399.266947	5t
\	57197.941406	66838.046875
399.372962	399.443279	c5
\	44987.144531	55591.257813
399.574717	399.586075	5
\	63303.343750	66516.710938
399.692632	399.769799	ct
\	55269.921875	62660.671875
399.879782	399.892223	5
\	56555.269531	59447.300781
401.277458	401.342907	5w
\	58804.628906	59447.300781
401.523566	401.582524	5t
\	44023.136719	59125.964844
401.780492	401.799964	5t
\	53020.566406	56555.269531
401.891916	401.937352	c5
\	39845.757813	45629.820313
402.059594	402.090966	c5
\	34704.367188	42737.789063
403.033749	403.074857	c5
\	35025.707031	42737.789063
404.204248	404.236161	c5t
\	39524.421875	44344.472656
404.373008	404.412493	5t
\	49807.199219	56555.269531
404.463878	404.492005	5t
\	51413.882813	57197.941406
404.527704	404.557453	5w
\	54948.585938	63946.015625
404.838179	404.858192	c5
\	50771.207031	52699.230469
404.969616	404.994498	5
\	41131.105469	47236.503906
405.083205	405.115118	c5t
\	42416.453125	47879.179688
405.250342	405.294695	5t
\	46915.167969	64910.023438
405.347162	405.387188	5t
\	38239.074219	53020.566406
405.402334	405.427756	5
\	52056.554688	59125.964844
406.048705	406.055195	5
\	55912.593750	58483.292969
406.575538	406.597174	5w
\	51092.546875	58161.957031
407.475589	407.490193	c5
\	56876.605469	60732.648438
408.788885	408.796999	5
\	56233.929688	59768.636719
409.843633	409.876087	5
\	47557.843750	55269.921875
411.192629	411.221837	c5t
\	41452.441406	44665.808594
411.331098	411.357602	c5
\	39203.085938	41773.777344
411.694580	411.711889	5t
\	54627.250000	60732.648438
411.836836	411.879026	c5
\	40488.433594	43059.125000
412.279830	412.310661	5t
\	53663.238281	57840.617188
412.527561	412.583273	5t
\	46272.492188	58804.628906
412.673062	412.703352	5
\	28920.308594	38560.414063
412.823431	412.850476	c5
\	63624.679688	64910.023438
413.071702	413.091175	5
\	38239.074219	44665.808594
414.431516	414.461265	5t
\	47557.843750	51735.218750
414.731299	414.736042	5
\	71280.992188	71539.250000
414.849629	414.863151	5
\	59125.964844	62017.996094
415.070881	415.090800	5
\	51394.625000	51394.625000
415.934062	415.986233	5t
\	59400.828125	61725.207031
416.114244	416.138585	5t
\	51092.546875	55269.921875
416.180775	416.191592	5
\	54948.585938	58483.292969
417.475139	417.494612	5
\	53020.566406	57840.617188
417.684466	417.689875	5
\	55591.257813	56876.605469
418.039846	418.089171	5t
\	68440.078125	69731.406250
418.177764	418.201022	5w
\	52699.230469	58804.628906
418.401154	418.444967	5t
\	51735.218750	57519.281250
418.689993	418.713792	5
\	39524.421875	44344.472656
418.967472	419.003172	5t
\	48521.851563	57840.617188
419.190322	419.236298	c5t
\	40488.433594	46915.167969
419.788553	419.818843	5t
\	52056.554688	57197.941406
420.570689	420.577721	5
\	56876.605469	57840.617188
420.708618	420.735122	5w
\	40809.769531	44023.136719
420.834106	420.883327	c5t
\	42737.789063	45951.156250
420.960675	421.003947	5w
\	39524.421875	45629.820313
421.121862	421.145121	5t
\	49164.527344	52377.890625
421.660595	421.707653	5
\	40488.433594	49164.527344
421.724020	421.799904	5t
\	47262.398438	50103.308594
421.896967	421.957363	5t
\	57197.941406	63303.343750
422.268563	422.285330	5t
\	61053.984375	62982.007813
422.654763	422.663958	5
\	49164.527344	52056.554688
422.922506	422.938733	c5
\	50771.207031	54948.585938
426.065655	426.075391	5
\	58161.957031	60411.312500
426.338267	426.356657	c5t
\	40809.769531	46272.492188
426.476736	426.497290	c5
\	40488.433594	44665.808594
426.616287	426.644955	5w
\	53984.574219	59768.636719
426.873754	426.917567	ct
\	42737.789063	51413.882813
427.026287	427.046300	c5t
\	44665.808594	50128.535156
427.163133	427.203160	c5
\	40167.093750	47236.503906
427.305389	427.325943	c5
\	33740.359375	39524.421875
428.420176	428.440731	5t
\	59125.964844	62339.332031
428.627881	428.654925	c5t
\	39524.421875	43380.460938
428.868580	428.896165	5w
\	38881.750000	45951.156250
429.327260	429.353223	c5
\	42416.453125	44665.808594
429.561468	429.586349	c5
\	41452.441406	43380.460938
429.803248	429.823262	5t
\	48521.851563	53020.566406
430.031507	430.040161	5
\	53020.566406	54305.910156
430.249488	430.263551	5
\	54627.250000	57197.941406
430.357126	430.385794	5
\	38560.414063	42416.453125
430.475042	430.516150	c5
\	38881.750000	48200.515625
430.688696	430.710332	5
\	41452.441406	45951.156250
430.882877	430.892614	5
\	54948.585938	56876.605469
431.052178	431.075977	c5t
\	52699.230469	59768.636719
431.241492	431.273945	5t
\	52056.554688	58804.628906
431.285845	431.302613	5t
\	49807.199219	52699.230469
431.984683	432.003615	5t
\	47879.179688	55269.921875
432.128562	432.144248	5
\	51092.546875	54948.585938
432.399551	432.407123	5
\	60089.976563	60089.976563
432.756001	432.817664	c5t
\	32455.011719	40809.769531
433.133547	433.168705	c5t
\	39524.421875	45951.156250
434.488492	434.531223	5t
\	44023.136719	49485.863281
434.671315	434.688083	5t
\	48521.851563	53020.566406
434.820603	434.848188	5t
\	47236.503906	52377.890625
435.082937	435.151090	5t
\	48521.851563	50771.207031
435.270628	435.367449	5t
\	44665.808594	54627.250000
436.851516	436.874281	5
\	62241.738281	63016.527344
436.919280	436.930639	5
\	64267.351563	66516.710938
437.346048	437.354161	5
\	53020.566406	54948.585938
437.469913	437.480190	5
\	52377.890625	57197.941406
437.520757	437.530493	5
\	52699.230469	56233.929688
437.619741	437.640836	5t
\	44023.136719	49164.527344
437.749015	437.809055	5t
\	44023.136719	59768.636719
437.888026	437.918857	5w
\	50771.207031	59447.300781
438.179028	438.204450	5t
\	56876.605469	65552.695313
438.548460	438.567932	5t
\	60411.312500	66195.375000
438.695043	438.732365	c5
\	42737.789063	46272.492188
439.622680	439.634580	5
\	62339.332031	63946.015625
439.983633	440.006398	5
\	70764.460938	70764.460938
440.104619	440.143022	5t
\	51092.546875	61375.320313
441.726406	441.750746	5t
\	59125.964844	64588.687500
442.323555	442.353845	5t
\	53663.238281	57840.617188
442.766549	442.781694	5
\	58483.292969	61375.320313
443.283105	443.303118	5t
\	60089.976563	62339.332031
443.430770	443.458897	c5t
\	46272.492188	51735.218750
443.542736	443.563290	5t
\	55269.921875	56876.605469
443.673632	443.713659	c5t
\	53020.566406	65874.031250
443.813184	443.850506	c5
\	41773.777344	47879.179688
444.191811	444.202088	5
\	53341.902344	55912.593750
444.748393	444.770570	c5
\	42095.117188	46915.167969
445.400714	445.406664	5
\	52056.554688	53663.238281
445.525661	445.561361	5
\	35347.042969	44023.136719
445.773392	445.783128	5
\	55269.921875	57197.941406
445.879949	445.912943	c5
\	45308.480469	47557.843750
446.298061	446.324565	c5
\	42095.117188	46272.492188
446.563641	446.588523	5w
\	44023.136719	47879.179688
446.982836	447.001227	5
\	54627.250000	59768.636719
447.137607	447.180291	5t
\	61983.468750	65599.171875
447.284656	447.316028	5
\	40167.093750	45629.820313
447.329551	447.342532	5
\	46915.167969	53984.574219
447.459366	447.517242	c5t
\	39524.421875	43701.796875
447.599458	447.634616	c5
\	42416.453125	46915.167969
447.744418	447.785526	5t
\	47557.843750	55269.921875
447.799049	447.808244	5
\	48521.851563	53341.902344
448.522768	448.542240	5
\	44987.144531	47879.179688
448.646633	448.681791	5
\	40488.433594	47236.503906
448.793757	448.838651	c5t
\	41452.441406	46272.492188
448.960353	448.994430	c5t
\	36953.730469	44023.136719
449.095036	449.131817	5w
\	33097.687500	46272.492188
449.179416	449.185366	5
\	48521.851563	50449.871094
449.676500	449.707872	c5
\	41131.105469	44023.136719
449.944784	449.976156	c5
\	36953.730469	42416.453125
450.085958	450.122198	c5
\	36953.730469	45629.820313
450.313135	450.343966	c5
\	35347.042969	40809.769531
450.515971	450.549506	c5t
\	38239.074219	44023.136719
450.724757	450.745852	5
\	37275.066406	43380.460938
450.799941	450.847540	c5t
\	39845.757813	54305.910156
451.975309	452.006681	5t
\	46593.828125	53341.902344
452.221417	452.247380	5
\	26992.287109	35347.042969
452.582195	452.609781	5t
\	46915.167969	52699.230469
453.303210	453.331877	5t
\	38560.414063	46272.492188
453.444384	453.469265	c5t
\	33097.687500	41131.105469
453.691573	453.703473	5
\	39203.085938	42095.117188
454.555385	454.587838	c5t
\	43059.125000	53341.902344
454.831783	454.836651	5
\	53984.574219	54627.250000
455.207165	455.228801	5
\	52699.230469	56555.269531
455.606346	455.726425	c5
\	72300.765625	80012.851563
457.383858	457.391446	5
\	65857.437500	66115.703125
457.984126	458.001435	5t
\	53984.574219	53984.574219
460.813819	460.859350	5t
\	61725.207031	63274.792969
460.958515	461.005427	5t
\	47236.503906	52056.554688
461.093739	461.120784	5t
\	52056.554688	57197.941406
461.253845	461.270612	5t
\	42095.117188	49164.527344
461.472367	461.494003	5t
\	58483.292969	62982.007813
466.164642	466.214946	5t
\	49807.199219	54305.910156
466.306357	466.327993	5t
\	60411.312500	65874.031250
467.313293	467.321830	5
\	88326.445313	88584.710938
467.831144	467.867384	c5
\	51413.882813	53341.902344
468.077793	468.099969	5w
\	54948.585938	60411.312500
468.221671	468.256288	c5
\	44665.808594	50771.207031
468.369877	468.383399	5
\	64588.687500	69087.398438
468.481842	468.509969	5
\	43380.460938	48200.515625
468.780958	468.821525	c5
\	40167.093750	52056.554688
468.919427	468.935654	5
\	41131.105469	44665.808594
469.360258	469.418675	5t
\	48843.187500	64910.023438
469.470601	469.526854	5f
\	32455.011719	43380.460938
470.284109	470.298713	5
\	45951.156250	52056.554688
475.260355	475.297136	5w
\	31812.339844	36632.390625
475.398283	475.423165	5
\	50771.207031	55269.921875
475.548112	475.576779	c5
\	50771.207031	60732.648438
475.698481	475.750407	5t
\	47879.179688	59768.636719
475.854259	475.873190	5
\	53984.574219	59125.964844
475.985156	475.995433	5
\	58804.628906	62982.007813
476.090631	476.122544	5w
\	58483.292969	66838.046875
477.666803	477.692225	c5
\	36311.054688	44344.472656
478.901669	478.922764	c5
\	38881.750000	44665.808594
479.172117	479.192130	5t
\	52699.230469	61053.984375
479.298146	479.312750	5t
\	57519.281250	62339.332031
479.337631	479.357104	5t
\	51735.218750	58483.292969
479.669742	479.680560	c5
\	49807.199219	51092.546875
486.435814	486.441764	5
\	56876.605469	57840.617188
486.734929	486.751697	5
\	59125.964844	63624.679688
487.170266	487.220540	5t
\	63533.058594	64049.585938
489.527036	489.540559	5
\	56233.929688	59768.636719
489.687682	489.698500	5
\	53984.574219	58804.628906
489.958059	489.970390	5
\	52944.214844	53977.273438
491.240500	491.248089	5
\	79803.718750	79803.718750
498.349596	498.358791	5
\	65874.031250	66195.375000
498.492934	498.542696	5f
\	42416.453125	48521.851563
499.104687	499.121455	5
\	51413.882813	55912.593750
501.142785	501.159553	5t
\	52377.890625	57519.281250
502.690289	502.698403	5
\	60732.648438	65552.695313
505.248729	505.284428	5t
\	54627.250000	62660.671875
505.546551	505.599670	5t
\	73088.835938	77737.601563
505.699836	505.736617	5t
\	60411.312500	65552.695313
505.863728	505.928817	5t
\	65552.695313	71336.757813
506.029364	506.050232	c5
\	63791.320313	64566.113281
506.210442	506.239110	5t
\	58161.957031	68766.062500
506.415983	506.468991	c5
\	56555.269531	64267.351563
509.930727	509.961017	5w
\	35989.714844	44665.808594
510.426729	510.441874	5
\	40809.769531	43059.125000
511.311846	511.332714	5t
\	69731.406250	70247.929688
513.145815	513.169074	5w
\	36953.730469	41452.441406
514.350932	514.366618	5
\	31812.339844	35989.714844
515.738331	515.752935	5
\	43059.125000	45951.156250
516.139135	516.191061	5t
\	51092.546875	63946.015625
516.321417	516.346839	5t
\	54305.910156	58483.292969
516.870427	516.908831	c5t
\	39524.421875	45951.156250
517.120862	517.164134	c5t
\	32776.347656	39203.085938
517.255004	517.285835	5
\	34061.695313	41452.441406
524.214717	524.230944	5t
\	58161.957031	61375.320313
524.446221	524.454334	5
\	51413.882813	53341.902344
525.076365	525.095837	5t
\	54305.910156	59447.300781
525.497723	525.517737	5t
\	49485.863281	52377.890625
525.608066	525.658370	5t
\	51092.546875	56233.929688
525.775203	525.837406	5t
\	43380.460938	56555.269531
525.936931	525.974253	5w
\	60732.648438	62982.007813
526.081739	526.091224	5
\	68698.343750	68956.617188
527.455241	527.501203	c5t
\	67923.554688	69214.875000
529.312124	529.319697	5
\	56233.929688	57840.617188
531.652042	531.660696	5
\	53341.902344	55269.921875
539.768191	539.778468	5
\	68444.726563	69730.078125
539.801727	539.862307	5t
\	43380.460938	53984.574219
540.134919	540.145737	5
\	53020.566406	55591.257813
551.987580	552.016247	5t
\	50449.871094	53984.574219
552.029770	552.036801	5
\	56233.929688	56876.605469
552.490073	552.498727	5
\	55912.593750	56876.605469
553.456113	553.463686	5
\	57519.281250	60411.312500
557.156926	557.177480	5t
\	66838.046875	68766.062500
557.308918	557.344617	5t
\	64588.687500	71015.421875
557.644814	557.672941	5t
\	60732.648438	61696.660156
557.808706	557.851437	c5t
\	47557.843750	50128.535156
557.972057	557.989906	c5
\	40167.093750	44344.472656
580.479260	580.500128	c5t
\	59659.089844	59659.089844
580.607486	580.629663	c5
\	42416.453125	49485.863281
587.845220	587.867396	c5t
\	42737.789063	44665.808594
589.819645	589.854741	5t
\	80836.781250	81353.304688
590.094267	590.121852	5w
\	65874.031250	69730.078125
604.594615	604.626528	c5t
\	40167.093750	44023.136719
604.697926	604.726594	c5t
\	34704.367188	38560.414063
606.507225	606.516420	c5
\	37275.066406	39845.757813
607.236353	607.259070	c5
\	46593.828125	49485.863281
608.116251	608.129531	5
\	65082.648438	65599.171875
608.700018	608.720031	5t
\	53341.902344	55269.921875
608.748158	608.778448	5t
\	51092.546875	55269.921875
608.932604	608.962353	c5t
\	34704.367188	39524.421875
609.079727	609.111640	c5t
\	43380.460938	47236.503906
609.235506	609.266878	c5
\	36311.054688	43701.796875
609.296627	609.305822	5
\	44023.136719	46915.167969
609.644964	609.694186	c5t
\	42737.789063	42737.789063
609.953275	609.970043	c5
\	45308.480469	48843.187500
610.340557	610.378960	5t
\	49485.863281	58483.292969
610.625609	610.654277	c5
\	39524.421875	41452.441406
610.938788	610.958801	5t
\	53341.902344	53341.902344
611.227086	611.243854	5
\	40167.093750	41131.105469
614.015947	614.032715	5
\	62339.332031	64267.351563
615.806855	615.826868	5
\	40488.433594	43380.460938
616.929215	616.957341	5t
\	39203.085938	46915.167969
617.324069	617.361391	c5t
\	36632.390625	40488.433594
617.484174	617.506892	c5
\	37917.738281	41773.777344
617.764359	617.800599	c5
\	31812.339844	35347.042969
624.607238	624.615352	5
\	56233.929688	56233.929688
627.140256	627.140256	end
\	104755.781250	104755.781250
